63 0 128 282 382 422 515 596 657 729 773 811 880 1005 1086 1139 1218 1286 1354 1435 1540 1599 1661 1747 1874 1964 2079 2145 2205 2240 2377 2457 2494 2566 2593 2665 2734 2842 2886 2965 3014 3128 3203 3298 3373 3466 3548 3627 3703 3818 3927 4003 4076 4218 4318 4407 4441 4496 4579 4674 4742 4839 4926 4964 
62 1 154 241 299 428 460 501 604 682 763 799 864 902 945 1077 1216 1295 1395 1470 1554 1649 1700 1795 1866 1961 2031 2107 2186 2250 2314 2385 2431 2552 2639 2739 2818 2883 2948 3046 3091 3149 3204 3262 3332 3464 3588 3714 3814 3831 3904 3967 4038 4121 4231 4307 4395 4462 4546 4627 4728 4776 4867 
63 2 156 274 301 350 419 539 701 740 893 920 970 1075 1147 1269 1347 1438 1498 1560 1619 1644 1759 1875 1933 1965 2030 2123 2231 2322 2406 2499 2671 2733 2795 2828 2918 2956 3022 3137 3183 3290 3326 3392 3433 3476 3601 3701 3806 3886 3966 4042 4169 4244 4312 4369 4459 4541 4624 4684 4726 4759 4813 4883 
59 3 166 254 318 346 470 632 702 823 912 988 1053 1157 1288 1378 1472 1529 1623 1686 1738 1869 1940 2048 2203 2261 2355 2474 2521 2574 2653 2747 2848 2958 3042 3120 3194 3304 3368 3417 3502 3610 3662 3780 3809 3878 4001 4039 4108 4155 4266 4321 4405 4484 4559 4645 4721 4801 4877 4959 
60 4 89 243 343 413 506 571 630 777 837 898 974 1027 1145 1240 1297 1375 1464 1530 1591 1732 1808 1856 1935 1996 2071 2191 2294 2354 2490 2516 2622 2730 2871 2910 2954 3005 3033 3096 3177 3219 3285 3358 3404 3538 3605 3668 3738 3807 3917 4070 4175 4277 4361 4426 4576 4688 4745 4838 4872 
65 5 130 212 268 323 342 449 553 636 749 826 948 1052 1098 1159 1302 1350 1410 1447 1533 1711 1864 1953 2104 2221 2297 2388 2445 2496 2565 2633 2693 2771 2852 2928 2988 2990 3080 3144 3200 3261 3359 3399 3516 3644 3725 3753 3853 3899 3992 4066 4146 4241 4263 4325 4371 4438 4481 4535 4577 4670 4730 4765 4828 4942 
60 6 119 193 298 360 473 534 675 716 800 947 998 1028 1153 1285 1361 1421 1514 1585 1642 1761 1823 1950 2057 2100 2218 2251 2304 2343 2451 2505 2560 2661 2710 2836 2978 3054 3127 3192 3234 3329 3396 3483 3536 3629 3699 3768 3851 3940 4080 4130 4311 4365 4470 4573 4655 4723 4787 4861 4948 
63 7 157 207 263 295 339 430 496 550 659 709 795 879 957 1046 1133 1220 1340 1418 1569 1645 1705 1816 1910 1956 2008 2105 2202 2242 2353 2415 2482 2558 2635 2698 2774 2913 2992 3060 3221 3363 3438 3491 3582 3716 3730 3761 3810 3892 3932 4033 4148 4193 4213 4332 4427 4518 4562 4601 4712 4775 4854 4889 
59 8 102 189 288 352 399 519 574 714 810 841 960 1036 1080 1125 1244 1349 1431 1508 1604 1680 1707 1818 1942 1988 2064 2160 2257 2336 2493 2537 2631 2709 2841 2949 3026 3101 3186 3254 3379 3454 3528 3619 3673 3808 3854 3891 3980 4105 4210 4283 4373 4419 4483 4547 4660 4737 4821 4933 
60 9 179 320 398 500 566 647 719 784 848 927 1004 1015 1101 1186 1231 1335 1381 1484 1583 1742 1800 1868 1939 2022 2109 2159 2212 2270 2330 2430 2502 2583 2628 2702 2796 2844 2873 2931 3058 3125 3230 3307 3432 3533 3645 3791 3887 3963 4093 4154 4301 4418 4493 4554 4629 4709 4803 4809 4906 
62 10 98 171 211 324 376 493 609 745 808 839 956 1035 1132 1188 1252 1320 1372 1528 1639 1693 1744 1851 1951 2005 2050 2166 2243 2321 2364 2403 2448 2525 2609 2664 2826 2944 3029 3092 3160 3216 3311 3394 3469 3614 3691 3795 3817 3902 3943 4032 4143 4199 4248 4328 4449 4502 4616 4718 4761 4879 4927 
58 11 167 283 327 401 482 564 637 754 840 924 1002 1064 1143 1195 1275 1317 1419 1486 1496 1558 1665 1735 1836 1978 2060 2137 2223 2289 2366 2439 2550 2697 2762 2892 2963 3036 3083 3214 3387 3435 3585 3702 3834 3955 4034 4133 4208 4265 4347 4410 4463 4520 4595 4678 4743 4802 4876 
66 12 151 203 267 397 456 495 565 688 776 856 906 1054 1123 1253 1316 1423 1469 1578 1633 1679 1729 1835 1916 2075 2146 2190 2238 2311 2400 2476 2557 2650 2773 2896 2999 3008 3063 3171 3236 3316 3367 3415 3493 3570 3635 3675 3747 3789 3833 3861 3907 3991 4063 4165 4215 4280 4344 4404 4454 4508 4594 4697 4817 4866 4902 
59 13 90 138 246 377 480 530 587 651 771 865 934 1021 1155 1229 1343 1461 1617 1646 1725 1833 1918 2068 2168 2234 2300 2383 2465 2508 2588 2676 2769 2798 2930 2994 3044 3107 3154 3213 3309 3385 3508 3608 3648 3737 3778 3926 4010 4075 4159 4251 4314 4370 4474 4593 4677 4795 4881 4958 
56 14 112 213 297 367 491 585 706 849 942 1011 1111 1225 1321 1362 1434 1539 1618 1681 1805 1854 1954 2122 2195 2272 2373 2438 2530 2630 2687 2735 2802 2858 2925 3111 3206 3286 3319 3410 3460 3547 3697 3772 3883 3994 4065 4147 4242 4375 4505 4583 4652 4693 4747 4829 4897 
63 15 168 275 368 427 543 615 691 752 781 847 937 1057 1100 1150 1204 1234 1258 1385 1477 1527 1597 1658 1754 1838 1891 1966 2045 2120 2193 2233 2334 2420 2487 2539 2615 2706 2768 2820 2939 2998 3126 3155 3266 3333 3465 3514 3600 3705 3739 3762 3849 4000 4084 4131 4271 4432 4530 4598 4668 4758 4846 4914 
67 16 141 219 278 325 402 453 509 536 616 667 782 821 938 1023 1119 1182 1214 1324 1353 1393 1503 1556 1602 1689 1779 1837 1861 1990 2041 2085 2126 2214 2324 2437 2514 2596 2674 2712 2831 2882 2909 2962 3021 3130 3269 3318 3420 3455 3515 3557 3621 3674 3769 3871 3973 4073 4116 4220 4345 4428 4519 4578 4641 4769 4831 4910 
62 17 126 224 276 388 432 513 588 678 786 850 916 1029 1126 1197 1264 1312 1437 1552 1651 1720 1736 1873 1975 2076 2141 2197 2341 2435 2582 2648 2672 2743 2797 2824 2989 3052 3150 3184 3246 3346 3471 3562 3720 3786 3844 3873 3982 4072 4149 4239 4260 4297 4333 4378 4458 4544 4604 4687 4810 4853 4922 
64 18 108 192 245 285 330 448 479 576 672 718 843 883 958 1067 1112 1241 1315 1432 1487 1562 1614 1709 1772 1830 1919 1991 2051 2134 2216 2291 2394 2486 2621 2723 2765 2803 2940 3062 3211 3294 3353 3459 3529 3546 3729 3870 3931 3971 4030 4069 4117 4201 4257 4335 4430 4499 4570 4675 4753 4789 4848 4878 4957 
65 19 129 188 223 302 438 541 601 705 759 829 901 987 1038 1175 1262 1371 1492 1511 1598 1652 1701 1764 1867 1958 2014 2099 2171 2229 2318 2414 2470 2576 2714 2780 2832 2884 2960 3024 3065 3201 3284 3397 3447 3535 3560 3654 3779 3798 3876 3945 4008 4052 4156 4232 4269 4346 4421 4460 4540 4632 4669 4757 4847 4946 
67 20 148 236 277 386 441 510 558 629 662 689 750 797 870 962 1078 1163 1185 1255 1327 1441 1605 1653 1752 1777 1843 1981 2094 2148 2210 2282 2360 2473 2495 2551 2585 2713 2786 2829 2917 2983 3076 3174 3231 3321 3362 3431 3498 3553 3604 3698 3775 3860 3938 4036 4096 4190 4285 4329 4399 4457 4543 4646 4746 4807 4865 4943 
59 21 106 164 197 273 315 375 451 538 628 704 751 817 890 921 1042 1169 1228 1344 1413 1541 1719 1804 1855 1947 1984 2029 2090 2244 2404 2535 2673 2748 2794 2903 2941 2980 3123 3185 3259 3351 3407 3574 3624 3731 3756 3842 3905 4011 4092 4197 4309 4417 4467 4507 4590 4683 4785 4871 
61 22 81 115 170 253 311 390 512 602 663 796 833 894 1008 1058 1113 1140 1239 1311 1426 1504 1593 1638 1724 1781 1912 1995 2034 2080 2207 2296 2421 2528 2597 2660 2764 2867 2922 3020 3098 3202 3264 3355 3475 3587 3704 3770 3845 3924 3983 4017 4153 4229 4355 4416 4526 4602 4690 4764 4827 4842 
56 23 114 225 287 345 436 544 614 680 736 842 935 983 1051 1138 1212 1292 1366 1445 1523 1685 1776 1849 1959 1992 2062 2147 2213 2368 2453 2572 2636 2756 2801 2864 2934 3017 3180 3251 3370 3443 3484 3573 3686 3787 3949 4107 4207 4236 4342 4471 4487 4575 4701 4754 4892 
59 24 135 230 294 366 508 618 666 733 809 844 922 967 1071 1184 1223 1296 1355 1444 1532 1606 1718 1813 1896 1998 2070 2170 2264 2333 2471 2545 2656 2754 2787 2888 2972 3037 3102 3232 3377 3486 3544 3650 3712 3765 3880 3956 4081 4128 4206 4284 4337 4391 4461 4564 4661 4760 4837 4921 
56 25 96 214 291 414 443 535 624 722 794 887 959 1068 1109 1219 1337 1443 1490 1535 1654 1745 1863 1943 2025 2078 2111 2194 2284 2434 2546 2647 2757 2870 2993 3035 3072 3146 3228 3341 3427 3520 3578 3676 3744 3890 3950 4060 4209 4343 4393 4533 4647 4696 4750 4841 4909 
63 26 82 149 249 355 412 499 560 593 697 801 871 936 1060 1142 1199 1308 1369 1430 1506 1580 1600 1726 1844 1930 2043 2098 2162 2269 2346 2407 2522 2592 2606 2666 2729 2847 2976 3049 3095 3175 3218 3278 3343 3418 3503 3664 3763 3816 3889 3995 4095 4173 4259 4338 4379 4424 4522 4639 4703 4822 4868 4951 
62 27 146 204 242 303 442 532 613 717 769 845 910 955 1065 1137 1273 1368 1460 1550 1630 1656 1698 1784 1879 1941 2032 2084 2153 2274 2413 2472 2510 2646 2742 2821 2879 2955 3047 3085 3132 3248 3402 3462 3542 3618 3746 3792 3906 3957 4012 4054 4087 4191 4261 4320 4386 4475 4587 4638 4752 4835 4888 
63 28 97 117 196 281 336 429 457 498 548 650 713 783 875 939 1012 1048 1160 1271 1383 1505 1572 1663 1767 1877 2018 2156 2246 2319 2384 2433 2548 2600 2627 2668 2716 2775 2807 2850 2945 3034 3133 3189 3270 3336 3412 3513 3572 3617 3727 3838 3969 4053 4111 4162 4322 4425 4497 4538 4613 4707 4771 4919 
58 29 150 257 334 391 437 537 658 743 882 953 1031 1135 1222 1345 1510 1574 1676 1809 1928 1980 2074 2175 2351 2411 2513 2591 2667 2727 2808 2887 2961 3030 3068 3139 3243 3388 3457 3497 3606 3677 3820 3901 3993 4086 4172 4291 4366 4420 4490 4555 4607 4642 4719 4815 4884 4923 4961 
57 30 169 265 351 405 471 561 668 746 812 913 1007 1074 1178 1247 1429 1478 1568 1677 1715 1770 1842 1917 1989 2059 2125 2176 2283 2327 2440 2506 2611 2703 2788 2891 3010 3073 3198 3224 3364 3479 3616 3713 3743 3832 3933 3996 4064 4115 4230 4299 4446 4539 4615 4656 4825 4913 
57 31 161 229 333 348 435 555 634 723 834 909 976 1073 1227 1333 1394 1497 1555 1668 1762 1803 1883 2006 2131 2217 2281 2349 2460 2503 2547 2625 2746 2819 2845 2971 3056 3113 3208 3271 3325 3472 3530 3615 3649 3722 3830 3976 4055 4113 4176 4305 4319 4413 4557 4635 4774 4855 
62 32 125 182 215 316 404 467 586 612 669 739 824 928 1030 1151 1236 1305 1352 1414 1481 1576 1688 1758 1841 1914 1993 2087 2144 2220 2290 2426 2463 2586 2684 2728 2825 2898 2967 3045 3108 3196 3317 3403 3525 3623 3672 3748 3865 3897 4031 4185 4246 4298 4392 4434 4513 4569 4614 4705 4805 4904 4939 
61 33 92 165 255 293 392 439 549 607 692 778 903 940 1032 1128 1206 1293 1364 1425 1491 1564 1626 1741 1857 1955 2012 2083 2164 2288 2338 2436 2507 2570 2614 2696 2750 2889 2970 3082 3238 3292 3334 3463 3537 3593 3652 3706 3804 3923 3990 4022 4134 4189 4256 4388 4465 4597 4665 4755 4886 4962 
61 34 123 191 248 331 385 452 563 674 780 818 862 908 972 1019 1103 1168 1232 1299 1388 1442 1482 1586 1659 1727 1810 1924 2027 2096 2226 2253 2359 2501 2595 2649 2814 2878 2996 3086 3164 3305 3354 3423 3482 3550 3630 3728 3821 3925 3937 3986 4082 4112 4225 4326 4453 4542 4626 4744 4796 4863 
58 35 136 210 319 417 489 595 734 814 978 1040 1104 1179 1254 1310 1377 1453 1563 1640 1708 1765 1787 1865 1887 2010 2035 2178 2299 2410 2517 2594 2675 2781 2827 2973 3055 3117 3217 3299 3408 3521 3607 3683 3776 3866 3962 4026 4186 4300 4351 4477 4528 4586 4667 4780 4819 4864 4924 
64 36 95 181 238 354 450 497 556 611 643 731 851 929 996 1152 1224 1323 1357 1412 1488 1545 1589 1695 1817 1890 1962 2040 2077 2167 2230 2295 2372 2450 2520 2578 2753 2875 2942 3057 3151 3205 3240 3297 3405 3461 3507 3575 3631 3751 3813 3911 3978 4045 4166 4233 4286 4401 4478 4556 4611 4700 4798 4857 4936 
59 37 159 217 256 356 464 581 652 721 819 975 1117 1294 1403 1476 1567 1667 1782 1852 1897 1972 2065 2086 2152 2248 2276 2361 2464 2523 2598 2689 2745 2823 2881 2927 3004 3067 3225 3345 3453 3559 3628 3689 3717 3752 3857 3954 4059 4167 4264 4352 4440 4515 4612 4662 4740 4783 4812 4960 
69 38 85 198 317 372 440 490 557 590 645 727 867 951 1013 1118 1191 1263 1306 1387 1456 1499 1549 1616 1696 1778 1848 1949 2026 2133 2266 2332 2389 2462 2543 2562 2663 2701 2763 2869 2929 3007 3039 3090 3148 3188 3257 3302 3337 3375 3445 3467 3552 3609 3636 3660 3754 3885 3935 4040 4123 4237 4327 4452 4566 4643 4699 4756 4843 4916 
61 39 88 134 270 364 481 578 653 741 822 881 997 1144 1177 1259 1373 1415 1502 1579 1684 1746 1885 1934 2036 2108 2173 2275 2369 2428 2542 2632 2752 2877 2977 3028 3158 3244 3281 3313 3349 3414 3500 3597 3657 3781 3794 3936 3984 4110 4168 4228 4290 4348 4403 4500 4553 4653 4741 4806 4896 4932 
59 40 105 199 328 421 523 677 708 779 904 961 1024 1088 1194 1249 1370 1466 1542 1611 1674 1793 1862 1893 1960 2061 2106 2208 2303 2443 2554 2644 2724 2761 2855 2912 3018 3103 3193 3301 3389 3439 3487 3568 3633 3667 3760 3874 3953 4050 4103 4182 4331 4376 4482 4572 4664 4732 4790 4882 
60 41 174 206 358 461 531 608 712 787 888 1003 1141 1226 1256 1326 1407 1494 1588 1634 1774 1828 1904 2007 2142 2172 2260 2358 2452 2485 2526 2603 2686 2834 2856 2902 2974 3074 3147 3195 3253 3380 3456 3511 3581 3711 3749 3848 3951 4015 4125 4219 4302 4339 4456 4568 4682 4734 4777 4862 4956 
60 42 94 147 260 349 400 505 619 681 762 838 943 1033 1094 1167 1202 1274 1358 1451 1543 1587 1641 1678 1704 1792 1922 1983 2047 2092 2192 2310 2402 2538 2634 2732 2843 2899 2953 3006 3071 3165 3241 3335 3449 3558 3656 3734 3823 3840 3913 4007 4135 4245 4288 4368 4479 4640 4786 4818 4950 
59 43 87 172 292 359 483 572 738 807 885 954 1059 1164 1245 1420 1518 1557 1613 1687 1749 1845 1898 1977 2056 2103 2157 2279 2347 2418 2454 2527 2601 2652 2751 2817 2907 2969 3099 3226 3395 3527 3632 3715 3825 3863 3909 3948 4019 4083 4202 4289 4389 4437 4488 4558 4644 4738 4833 4915 
58 44 142 180 284 447 551 575 696 863 1000 1116 1166 1272 1342 1465 1495 1625 1753 1839 1899 2028 2143 2199 2312 2396 2429 2515 2581 2700 2779 2863 2938 3016 3097 3153 3267 3393 3421 3532 3577 3620 3687 3788 3879 3908 4006 4088 4136 4221 4292 4336 4406 4498 4574 4695 4736 4849 4908 
66 45 109 175 332 374 420 486 546 599 660 715 803 859 918 980 1079 1146 1190 1251 1319 1409 1480 1547 1612 1722 1790 1886 1999 2066 2121 2222 2302 2362 2432 2483 2575 2626 2740 2810 2849 2957 3038 3106 3178 3247 3330 3376 3426 3505 3567 3679 3750 3812 3928 4035 4100 4187 4274 4444 4491 4532 4619 4706 4779 4844 4907 
56 46 116 234 371 469 540 603 644 724 804 855 950 1018 1063 1156 1278 1334 1402 1483 1615 1703 1806 1882 1968 2052 2154 2188 2286 2395 2491 2610 2683 2778 2846 2880 3009 3084 3131 3303 3365 3442 3576 3612 3695 3767 3869 4009 4145 4212 4377 4455 4551 4659 4724 4794 4898 
59 47 133 250 347 458 573 626 683 760 866 911 969 1039 1165 1248 1396 1565 1692 1763 1796 1870 1945 2053 2127 2224 2285 2367 2500 2568 2680 2770 2854 2986 3041 3169 3255 3296 3413 3506 3580 3625 3663 3735 3826 3896 3979 4020 4109 4164 4223 4273 4364 4436 4523 4608 4702 4749 4811 4937 
68 48 104 177 227 361 474 507 580 687 770 846 900 979 1066 1173 1230 1346 1390 1428 1459 1537 1671 1751 1807 1859 1908 1957 2016 2130 2189 2247 2313 2371 2419 2504 2577 2624 2670 2731 2806 2890 2975 3032 3110 3162 3258 3371 3444 3478 3534 3708 3745 3785 3811 3855 3952 4025 4122 4194 4358 4439 4492 4549 4589 4663 4708 4797 4920 
63 49 110 190 272 308 411 503 598 627 686 788 854 982 1108 1192 1261 1341 1400 1450 1516 1631 1755 1815 1860 1967 2072 2110 2174 2228 2298 2345 2488 2589 2682 2721 2777 2885 2964 3077 3122 3173 3275 3400 3470 3496 3517 3555 3611 3680 3755 3852 4013 4071 4118 4227 4293 4409 4486 4565 4654 4767 4874 4949 
59 50 103 205 264 341 426 504 577 665 703 774 876 973 1050 1148 1291 1457 1548 1669 1740 1769 1831 1938 2001 2102 2185 2273 2379 2441 2532 2681 2772 2862 2906 2995 3078 3119 3233 3347 3430 3522 3637 3694 3800 3898 3988 4041 4160 4222 4278 4334 4408 4468 4503 4588 4691 4770 4885 4947 
61 51 118 186 226 259 380 468 554 606 679 747 896 984 1026 1162 1193 1287 1380 1439 1515 1622 1672 1706 1775 1884 1946 2000 2119 2187 2239 2268 2339 2399 2447 2563 2607 2685 2776 2924 3012 3161 3268 3315 3429 3564 3671 3709 3799 3846 3894 3974 4085 4158 4258 4398 4521 4623 4739 4792 4851 4931 
61 52 120 218 280 408 527 664 767 791 869 941 990 1090 1189 1279 1392 1570 1662 1748 1827 1889 1971 2089 2209 2287 2331 2391 2427 2469 2509 2619 2679 2736 2793 2872 2932 2981 3075 3181 3210 3338 3378 3441 3518 3566 3639 3693 3797 3915 4016 4126 4216 4315 4394 4466 4592 4694 4804 4887 4912 4934 
58 53 143 235 307 415 485 562 610 725 813 899 992 1089 1161 1187 1270 1376 1454 1526 1635 1785 1892 1909 2021 2088 2236 2328 2381 2456 2569 2658 2755 2813 2919 3051 3167 3265 3322 3374 3436 3586 3647 3757 3864 3970 4062 4177 4235 4316 4362 4450 4536 4625 4671 4713 4830 4895 4955 
57 54 121 200 258 365 409 477 567 671 728 805 858 933 1076 1180 1266 1339 1463 1584 1628 1673 1786 1888 2019 2114 2198 2306 2392 2492 2617 2707 2804 2866 2947 3066 3141 3249 3342 3477 3539 3603 3651 3724 3801 3847 3910 3959 4046 4129 4192 4282 4372 4531 4676 4735 4816 4935 
59 55 173 240 396 476 569 673 748 816 923 1047 1081 1211 1318 1449 1544 1650 1690 1789 1880 1948 2046 2128 2262 2326 2387 2468 2584 2638 2785 2865 2987 3100 3182 3252 3279 3360 3428 3488 3561 3641 3736 3829 3867 3921 3981 4077 4144 4272 4295 4415 4429 4473 4552 4618 4717 4791 4870 4938 
67 56 91 162 237 304 370 547 605 656 789 857 895 964 1055 1097 1121 1196 1290 1397 1475 1551 1607 1655 1714 1794 1925 1963 2023 2081 2165 2255 2323 2380 2455 2511 2549 2623 2699 2744 2791 2897 3001 3089 3152 3256 3308 3401 3494 3595 3643 3710 3862 3893 3985 4091 4141 4188 4211 4270 4422 4489 4580 4621 4710 4763 4836 4905 
65 57 83 127 153 185 289 362 394 522 639 676 768 853 892 971 1062 1124 1215 1283 1424 1458 1553 1666 1713 1791 1858 1926 1987 2095 2181 2252 2342 2459 2498 2573 2651 2760 2859 2946 3013 3043 3129 3215 3283 3320 3450 3545 3690 3777 3859 3920 3965 4021 4074 4102 4140 4254 4324 4380 4509 4649 4685 4768 4845 4891 
63 58 101 261 381 455 529 582 642 758 873 963 1037 1092 1127 1183 1281 1433 1474 1538 1601 1699 1812 1840 1905 2013 2135 2225 2308 2412 2529 2620 2657 2726 2783 2822 2920 2951 3040 3104 3199 3272 3306 3366 3495 3556 3700 3774 3875 3975 4061 4137 4224 4249 4306 4350 4431 4447 4510 4567 4622 4773 4873 4930 
61 59 93 132 220 279 335 444 520 600 693 756 828 919 944 993 1082 1149 1200 1282 1363 1406 1489 1577 1620 1733 1846 1944 2033 2124 2180 2263 2352 2405 2518 2604 2711 2799 2857 3003 3109 3187 3293 3386 3523 3571 3658 3764 3839 3914 3944 4048 4142 4203 4281 4349 4400 4561 4651 4722 4766 4856 
60 60 145 239 290 373 416 488 589 685 744 820 914 1044 1131 1221 1284 1398 1467 1546 1682 1757 1911 1969 2054 2117 2163 2200 2277 2370 2461 2540 2643 2758 2811 2943 3053 3124 3282 3340 3390 3458 3489 3554 3596 3682 3718 3827 3922 3942 4037 4090 4170 4253 4353 4435 4527 4596 4711 4782 4918 
63 61 158 222 309 353 466 568 654 742 793 897 995 1061 1107 1158 1298 1351 1389 1462 1513 1559 1627 1710 1766 1814 1872 1913 1973 2073 2179 2258 2335 2442 2524 2602 2659 2792 2860 2950 3050 3197 3288 3352 3490 3599 3678 3726 3882 3989 4057 4097 4157 4279 4354 4384 4443 4517 4563 4634 4715 4799 4894 4953 
58 62 152 231 286 369 446 524 661 785 878 949 1001 1087 1172 1242 1314 1332 1408 1455 1566 1647 1691 1802 1871 1936 2002 2091 2132 2206 2329 2390 2480 2556 2678 2790 2905 2959 3088 3170 3229 3310 3381 3451 3591 3666 3742 3850 3987 4058 4171 4243 4313 4381 4524 4609 4666 4781 4890 
62 63 160 228 322 395 459 487 542 617 690 710 852 1022 1120 1210 1307 1367 1401 1500 1594 1660 1731 1878 1937 1994 2038 2112 2177 2232 2259 2348 2417 2553 2608 2637 2741 2895 3048 3105 3209 3324 3382 3504 3563 3640 3719 3881 3941 4023 4089 4120 4152 4238 4296 4359 4464 4571 4617 4680 4725 4824 4929 
60 64 163 201 306 363 463 526 623 700 802 874 994 1084 1096 1174 1250 1280 1328 1404 1509 1571 1608 1728 1788 1829 1929 2039 2138 2245 2316 2376 2478 2629 2690 2812 2937 2982 3069 3145 3227 3289 3369 3452 3565 3669 3805 3843 3900 4024 4104 4161 4198 4330 4385 4472 4525 4582 4648 4698 4820 
61 65 176 269 344 424 559 622 649 720 827 877 946 1014 1095 1203 1267 1309 1436 1507 1596 1664 1756 1819 1900 1923 1974 2067 2158 2227 2305 2382 2424 2544 2688 2766 2851 2936 3031 3143 3191 3260 3350 3424 3485 3584 3670 3759 3837 3919 3972 4078 4178 4267 4357 4442 4545 4633 4681 4778 4832 4963 
63 66 107 202 300 445 514 594 633 695 761 815 891 985 1056 1106 1181 1304 1417 1448 1519 1609 1730 1798 1915 2024 2113 2169 2211 2301 2398 2425 2475 2533 2605 2694 2782 2833 2911 3023 3116 3172 3242 3323 3409 3468 3543 3655 3733 3784 3858 3939 4002 4056 4124 4183 4250 4323 4423 4511 4599 4657 4731 4899 
67 67 208 321 393 465 533 621 655 757 831 925 1016 1041 1093 1136 1201 1243 1325 1399 1520 1603 1683 1743 1881 1952 2044 2082 2204 2293 2350 2374 2458 2559 2655 2705 2809 2894 2952 2997 3079 3114 3142 3179 3223 3277 3331 3419 3446 3524 3598 3642 3692 3796 3884 4029 4101 4174 4234 4294 4340 4402 4494 4550 4636 4714 4823 4944 
61 68 86 178 266 340 434 528 583 699 798 915 1009 1069 1129 1217 1265 1360 1493 1573 1629 1734 1783 1853 1894 2015 2058 2184 2249 2356 2409 2484 2612 2662 2695 2717 2876 2914 2979 3070 3156 3235 3314 3411 3499 3589 3688 3771 3828 3918 4005 4179 4255 4374 4451 4501 4591 4650 4689 4800 4858 4945 
58 69 122 183 232 389 423 597 707 806 886 965 991 1045 1114 1235 1303 1384 1471 1522 1575 1610 1712 1797 1834 1920 2017 2097 2139 2235 2271 2357 2449 2599 2654 2718 2839 2904 2991 3093 3159 3273 3406 3509 3638 3741 3856 3946 4049 4151 4268 4363 4412 4504 4581 4673 4720 4834 4925 
62 70 131 251 329 410 494 579 641 735 764 825 905 977 1070 1130 1208 1257 1313 1382 1468 1534 1590 1739 1822 1876 1979 2009 2042 2151 2237 2325 2375 2397 2481 2564 2645 2715 2837 2921 3027 3168 3291 3356 3437 3551 3626 3696 3793 3961 4044 4139 4214 4252 4276 4396 4506 4548 4620 4686 4729 4793 4880 
65 71 100 144 271 314 418 525 591 640 726 772 872 926 1083 1091 1213 1268 1356 1427 1479 1582 1670 1801 1901 1970 2055 2136 2183 2219 2292 2363 2423 2489 2616 2722 2767 2815 2861 2923 3061 3115 3140 3176 3312 3348 3391 3474 3590 3653 3740 3803 3872 3968 4079 4196 4303 4382 4485 4560 4603 4727 4772 4860 4917 4928 
67 72 84 124 187 262 326 378 407 462 502 584 648 732 889 999 1085 1176 1207 1260 1338 1411 1531 1637 1716 1771 1832 1932 2020 2093 2140 2256 2320 2344 2408 2497 2587 2677 2749 2840 2933 3011 3059 3135 3163 3250 3300 3383 3480 3549 3613 3661 3790 3824 3895 3997 4067 4138 4217 4275 4367 4390 4480 4537 4605 4672 4784 4903 
64 73 155 296 357 431 516 646 694 832 884 966 1034 1099 1171 1237 1301 1359 1405 1501 1581 1648 1737 1799 1907 2011 2149 2201 2280 2365 2467 2531 2567 2590 2640 2725 2816 2868 2908 3002 3087 3212 3263 3328 3425 3434 3526 3583 3684 3766 3888 3960 3999 4047 4106 4195 4308 4397 4448 4512 4600 4679 4826 4901 4941 
59 74 113 195 252 313 403 511 592 711 765 792 868 932 1006 1102 1134 1238 1289 1365 1446 1536 1632 1723 1826 1927 1997 2037 2101 2215 2393 2444 2536 2642 2738 2830 2915 2985 3094 3190 3361 3448 3512 3569 3634 3723 3783 3822 3903 3958 4004 4098 4204 4247 4360 4469 4610 4704 4788 4900 
58 75 140 194 312 406 518 570 684 766 835 930 989 1017 1105 1276 1329 1386 1440 1512 1592 1657 1721 1780 1824 1931 2003 2118 2196 2265 2337 2416 2512 2580 2708 2805 2916 3025 3134 3239 3287 3384 3473 3592 3681 3836 3916 3934 4027 4114 4163 4205 4304 4433 4534 4585 4733 4850 4954 
62 76 137 247 383 433 475 517 631 755 836 907 981 1043 1122 1205 1246 1336 1391 1485 1524 1624 1675 1760 1811 1921 1986 2049 2155 2307 2479 2541 2618 2692 2737 2853 2893 2984 3112 3157 3222 3327 3398 3481 3510 3579 3646 3732 3782 3835 3964 4043 4099 4119 4200 4341 4414 4476 4606 4630 4692 4808 4911 
59 77 111 221 305 387 478 552 625 730 790 931 1025 1072 1170 1322 1374 1473 1561 1636 1694 1820 1847 1902 1982 2150 2278 2309 2386 2534 2561 2691 2759 2838 2926 3000 3081 3118 3136 3220 3276 3372 3440 3540 3665 3707 3802 3841 3912 4018 4051 4132 4180 4240 4310 4387 4495 4637 4762 4859 
63 78 209 337 384 454 492 545 638 698 775 861 968 1049 1110 1198 1277 1348 1416 1452 1517 1595 1697 1768 1825 1895 2004 2115 2161 2267 2317 2378 2422 2446 2519 2571 2669 2720 2800 2835 2901 2968 3064 3166 3207 3274 3339 3501 3594 3721 3815 3929 3977 4028 4127 4184 4262 4383 4514 4631 4751 4852 4875 4940 
62 79 139 216 244 310 379 472 521 635 737 830 917 986 1020 1115 1209 1331 1379 1521 1643 1702 1750 1821 1906 1985 2063 2116 2241 2315 2401 2466 2579 2641 2719 2784 2874 2935 3015 3121 3245 3280 3357 3422 3492 3531 3622 3659 3773 3819 3868 3947 4014 4094 4181 4317 4356 4445 4529 4628 4716 4840 4893 
63 80 99 184 233 338 425 484 620 670 753 860 952 1010 1154 1233 1300 1330 1422 1525 1621 1717 1773 1850 1903 1976 2069 2129 2182 2254 2340 2477 2555 2613 2704 2789 2900 2966 3019 3138 3237 3295 3344 3416 3519 3541 3602 3685 3758 3877 3930 3998 4068 4150 4226 4287 4411 4516 4584 4658 4748 4814 4869 4952 
