13 0 720 1240 1626 3398 4791 5104 5397 5579 5821 6392 6645 7135 
13 1 1046 1524 1922 3142 4367 4833 4983 5264 5679 6440 6832 7307 
22 2 593 929 1276 1443 1811 2160 2423 2683 3030 3697 3888 4230 4654 4932 5369 5543 5746 5917 6288 6510 6801 
22 3 718 1071 1572 1898 2091 2568 2833 3056 3445 3785 4205 4647 5149 5214 5460 5782 6315 6549 6833 6961 7273 
10 4 473 887 1244 1400 1880 4263 6604 7052 7339 
23 5 549 1387 1768 2120 2393 2610 2895 3137 3413 3725 3981 4291 4477 4760 4991 5297 5670 5965 6231 6586 6819 7261 
21 6 545 749 1026 1462 2030 2250 2410 2729 3071 3600 4061 4361 5046 5354 5710 6006 6423 6641 6882 7146 
17 7 513 911 1420 1629 2102 2502 3087 3396 3858 4017 4463 4858 5115 5335 5478 6791 
16 8 454 1208 2822 3821 4207 4553 4756 4984 5442 5658 6102 6474 6748 6951 7311 
22 9 417 576 1355 1556 1861 2339 2644 2906 3113 3439 3793 4066 4380 4735 5271 5484 5909 6338 6670 7051 7313 
22 10 597 983 1430 2171 2963 3417 3664 3780 3979 4224 4556 4825 5133 5445 5678 5945 6195 6455 6752 7145 7319 
12 11 535 976 1347 1851 2005 2424 2531 2687 2872 3202 5633 
21 12 615 963 1189 1514 1756 2144 2471 2747 3250 3464 3835 4272 4530 4919 5348 5861 6201 6464 6846 7105 
20 13 600 1286 1870 2104 2272 2671 2809 3208 3419 3679 4044 4239 4507 4940 5300 5528 5743 5957 6190 
15 14 575 848 1025 1284 2582 4026 4308 4758 5244 5521 5692 5970 6182 6377 
12 15 529 873 2411 3442 3856 4321 5433 6485 6758 6973 7162 
12 16 542 804 1326 1950 2076 2300 2776 2951 4394 5556 5968 
20 17 561 1097 1340 1554 2051 2543 2807 3144 3460 3527 4065 4780 5165 5392 5733 6096 6371 6766 7245 
23 18 867 1447 1875 2267 2398 2618 2839 3221 3692 4130 4246 4331 4470 4876 5203 5552 5741 5880 6185 6351 6644 7163 
18 19 401 717 1255 1479 1911 2239 2459 2639 2825 3332 3670 3861 5031 6406 6693 6850 7310 
17 20 418 865 1100 1373 1571 1884 2157 2482 2620 3927 5190 5738 6048 6452 6888 7019 
18 21 815 1437 1719 1832 2008 2388 2569 2954 3597 3990 4387 4888 5147 5689 6278 6613 6936 
14 22 573 870 1266 1474 2067 2288 3897 5265 5577 6012 6365 6782 7240 
10 23 1854 3273 3721 4043 4437 4696 4868 6136 7164 
14 24 636 1379 1868 2251 2739 3190 3521 3757 4070 5422 6611 6838 7179 
21 25 1127 1457 1771 2042 2357 2592 3214 3421 3620 4127 4494 4915 5316 5645 5900 6216 6370 6533 6725 7304 
19 26 721 1080 1360 1713 2379 3007 3217 3452 3741 4140 4447 4856 5062 5764 6072 6569 6893 7069 
11 27 659 1022 2346 4933 5790 6106 6402 6629 6762 7327 
25 28 489 995 1594 2010 2247 2619 3267 3432 3771 4036 4161 4264 4305 4502 4749 5013 5172 5365 5953 6257 6468 6761 7131 7360 
17 29 524 968 1272 1588 1930 2332 2834 3278 3711 3987 4327 4417 5643 6831 7166 7298 
12 30 443 680 1215 1628 2096 2589 3232 3729 4990 6170 6845 
20 31 899 1463 1757 2158 2387 2632 2812 3401 3783 4032 4436 4964 5228 5468 5659 5872 6229 6567 6874 
24 32 655 894 1619 1804 2183 2399 2588 2743 2994 3155 3374 3769 3954 4232 4522 4678 5099 5361 5734 6276 6767 7035 7326 
23 33 907 1257 1404 1604 1990 2336 2490 2681 2800 3049 3252 3920 4424 4599 4895 5174 5547 5830 6232 6640 6770 6935 
21 34 455 904 1455 1702 2041 2221 2409 2748 3061 3553 4022 4534 4768 5178 5652 6032 6361 6511 6774 7300 
19 35 940 1374 1760 2031 2578 2934 3128 3323 3806 4024 4349 4701 4938 5245 6062 6488 6682 6991 
11 36 488 1168 1597 1904 2249 2528 4631 6449 6688 7102 
23 37 696 1083 1589 1708 1961 2233 2551 3046 3353 3612 3939 4097 4231 4693 5034 5350 5732 6249 6516 6820 7129 7279 
18 38 548 1175 1570 1877 2205 2481 3054 3440 3811 4255 4942 5476 5612 5865 6076 6630 7345 
15 39 678 938 1416 2089 2309 2518 2780 3126 3348 3570 3968 4258 4646 6391 
11 40 880 1297 1718 1995 2344 2635 2713 2887 5010 7335 
22 41 634 1028 1495 1891 2290 2536 2750 3017 3385 3573 3815 4007 4203 4284 4554 4764 5039 5453 5655 5925 6252 
20 42 748 1228 1829 2166 2778 3074 3481 3895 4060 4350 4548 4993 5378 5740 6000 6297 6757 6949 7361 
14 43 842 1067 2883 4201 4529 4906 5347 5825 6281 6587 6727 7032 7303 
11 44 423 617 726 1273 1817 4110 5949 6374 6657 7046 
19 45 581 1254 1533 2184 2645 3148 3436 3516 4080 4491 5016 5230 5801 6209 6476 6778 7041 7316 
25 46 713 1024 1415 1919 2326 2634 2871 3070 3124 3237 3535 3735 4179 4504 4640 5057 5267 5399 5595 5820 6203 6470 7017 7281 
26 47 874 1465 1548 1779 2234 2560 2740 3157 3346 3616 3706 3878 3988 4271 4488 4675 4982 5315 5596 5958 6167 6411 6685 6802 7109 
22 48 975 1268 1542 1955 2371 2608 2955 3131 3471 3747 4010 4397 4628 4987 5277 5506 5795 6020 6251 6694 7124 
11 49 476 2852 5024 5298 5705 6253 6772 6908 7158 7322 
25 50 693 1422 1819 2065 2375 2646 2874 2967 3177 3509 3653 4098 4290 4501 4881 5185 5501 5702 5882 6103 6360 6536 6907 7314 
16 51 643 1061 2526 3617 3787 3977 4204 4713 5154 5450 5797 6123 6220 6571 6868 
24 52 450 942 1148 1567 1764 2035 2362 2653 3041 3405 3648 3872 4068 4613 4912 5225 5542 5831 6141 6469 6664 6950 7168 
24 53 413 578 1139 1349 1603 1889 2299 2733 3103 3316 3438 3924 4112 4497 4706 4851 5047 5243 5473 5619 5891 6740 7315 
16 54 464 1036 1385 1970 2453 2796 3288 4273 5278 5554 5687 5955 6265 6621 6834 
24 55 732 1060 1544 1999 2365 2726 3010 3197 3479 3613 3912 4045 4220 4648 5063 5395 5571 5946 6344 6552 6671 6880 7180 
24 56 460 709 993 1093 1649 2066 2301 2512 2920 3063 3368 3814 4003 4427 4792 5070 5319 5626 6088 6239 6576 6915 7258 
16 57 619 1007 1739 2012 2396 2561 3077 3193 4276 5404 5752 6052 6146 6447 6855 
16 58 641 2128 3649 3958 4103 4244 4681 4850 5273 5487 5745 6021 6293 6997 7136 
14 59 579 1130 1445 1670 2430 4164 5163 5258 5636 5888 6159 6399 7033 
24 60 541 831 1434 1623 2101 2338 2734 2928 3183 3571 3961 4192 4386 4753 5130 5424 5641 5803 6034 6260 6553 6841 7080 
14 61 638 808 1045 1376 3268 5030 5292 5426 6024 6330 6599 6843 7138 
21 62 416 769 946 1575 1820 2034 2307 2505 2773 3200 3529 3867 4289 4476 5144 5377 5920 6558 6857 6972 
24 63 474 1125 1243 1638 1887 2195 2484 2827 3068 3282 3643 4049 4343 4569 5007 5266 5370 5717 6116 6421 6835 7008 7174 
15 64 507 1018 2402 3656 3948 4099 4440 4586 5053 5386 5683 6207 6806 7115 
25 65 519 745 966 1174 1620 1900 2071 2537 2910 3301 3480 3651 4058 4535 4605 4896 5028 5161 5616 5879 6025 6184 6662 7150 
15 66 667 864 1513 2078 2359 3088 4448 5791 6063 6373 6676 6940 7140 7331 
11 67 843 1278 1480 1936 2378 2718 4831 6556 6677 6985 
23 68 447 884 1568 1985 2209 2647 2878 3105 3279 3469 3818 4090 4366 4765 4955 5114 5454 5714 5950 6565 6923 7215 
18 69 707 1044 1473 2060 2370 2929 3186 3454 3767 4660 5060 5138 5674 6038 6356 6626 6879 
18 70 652 1134 1223 1560 2059 2694 3001 3462 3678 3880 4120 4369 4596 4782 5094 5513 7171 
21 71 1048 1332 1698 1992 2640 2926 3298 3865 4243 4602 4776 5023 5367 5594 5840 6177 6538 6871 7067 7224 
22 72 551 789 1403 2016 2417 2858 3337 3910 4149 4426 4817 5110 5280 5514 5676 5999 6127 6490 6705 6808 7061 
27 73 610 1019 1137 1351 1576 1834 1918 2275 2798 3069 3192 3457 3804 4005 4428 4695 5004 5287 5731 6114 6528 6651 6730 6931 7084 7351 
15 74 784 1270 1694 2077 2310 2669 3559 4584 5184 5632 5915 6155 6487 6753 
25 75 691 981 1293 1369 1883 2201 2364 2662 3002 3251 3414 3659 4021 4237 4496 4969 5251 5497 5628 6030 6128 6462 6885 7291 
21 76 747 1226 1550 1706 2615 3081 3669 4199 4503 4702 4966 5170 5416 5940 6176 6413 6783 6878 6976 7323 
25 77 598 1038 1225 1773 2242 2520 2686 2958 3118 3418 3639 3848 4370 4607 4741 5076 5210 5503 5720 5863 6073 6303 6690 6966 
20 78 546 912 1285 1801 2217 2457 2715 3039 3380 3699 4078 4506 4786 5044 5520 5864 6316 6600 7328 
24 79 565 1011 1328 1584 1788 2185 2257 2613 2829 2931 3366 3633 4154 4742 4923 5112 5195 5345 5635 6111 6357 6605 6953 
16 80 791 1176 1476 1750 1951 2219 2412 3755 4985 5494 5756 6152 6554 6816 7149 
17 81 625 818 990 1423 1741 1987 2329 2708 2993 3359 3786 4048 5143 6119 6390 6583 
21 82 751 1099 1280 1720 2103 2433 2824 3005 3352 3503 3947 4262 4490 4734 5058 5420 5807 6056 6573 7000 
20 83 685 1299 1615 2117 2330 2891 3205 3566 4054 4684 4778 5045 5467 5799 6002 6214 6763 7016 7191 
20 84 771 1001 1241 1472 1837 2106 2253 2495 2944 3737 4606 4864 5140 5783 6057 6312 6639 6813 7189 
24 85 669 1035 1599 2046 2276 2421 2810 3090 3674 3952 4287 4464 4802 5216 5529 5727 5973 6302 6592 6700 6849 7172 7341 
24 86 572 839 1258 1609 1941 2218 2404 2641 2859 3216 3703 4051 4487 4622 4995 5446 5749 6142 6386 6625 6803 7049 7237 
14 87 435 761 1136 1269 2020 2542 2819 3406 3698 3915 4119 4411 6150 
23 88 415 1042 1627 1932 2142 2524 2900 3075 3256 3676 4016 4219 4377 4485 4744 5282 5833 6107 6426 6939 7116 7358 
16 89 1538 2679 3028 3863 4295 4546 4610 4930 5238 5639 6118 6438 6584 6709 7154 
12 90 734 1260 1640 1962 2347 2564 2989 3194 3491 5330 7187 
18 91 503 782 1068 1246 2572 3922 4213 4480 4770 5008 5518 5808 6026 6130 6279 6531 6869 
14 92 630 829 1152 1486 1913 2349 2779 3024 3165 3341 4907 6731 7028 
13 93 764 1206 2100 3178 3688 4137 4450 5236 5575 5934 6475 6946 
23 94 496 849 1248 1467 1668 2032 2463 2947 3335 3621 3938 4076 4269 4573 5049 5427 5853 5939 6065 6389 6827 7130 
22 95 618 862 1103 1418 1751 2385 2710 3329 3450 3562 3847 4191 4816 4958 5081 5432 5785 6147 6501 6998 7177 
22 96 613 1289 1711 2038 2220 2601 2802 2992 3146 3390 3646 3969 4175 4624 4937 5322 5929 6198 6478 6786 7125 
9 97 866 1339 3538 5464 5669 6158 6602 7064 
25 98 645 909 1169 1503 1761 1938 2168 2458 2719 2789 2908 3306 3420 3555 3796 4226 4541 4686 5026 5413 5530 5896 6320 6889 
20 99 437 1062 1587 2048 2287 2545 2884 3008 3545 3810 4260 4552 4729 4805 5018 5374 5646 6287 6988 
25 100 583 781 971 1187 1535 1818 2138 2611 2894 3342 3691 4019 4383 4590 4721 4842 5227 5512 5777 5948 6129 6759 6974 7329 
15 101 941 1232 1497 1585 1813 2210 2351 2663 3101 3640 3887 4475 5071 7182 
14 102 584 1394 1728 1969 2372 2705 2803 2987 3463 3658 3709 5092 6515 
18 103 402 567 994 1331 1743 1991 2455 2678 3387 3638 4862 6199 6366 6465 6781 7072 7301 
24 104 471 834 1017 1205 1417 1635 1776 2527 2952 3254 3484 3605 3828 4250 4401 4683 5037 5387 5569 5695 6022 6298 6686 
23 105 661 1054 1368 1876 2213 2420 2638 2792 3043 3523 3898 4253 4614 5009 5274 5508 5848 6010 6420 6775 7083 7293 
17 106 671 777 1114 2735 4222 4407 4685 4832 5270 5516 5870 6149 6454 6732 6970 7079 
10 107 411 883 1352 1665 2000 2418 4803 7045 7209 
15 108 790 1213 1666 2200 2652 2923 3459 3684 3955 4292 4644 5871 7004 7267 
17 109 544 814 1084 1341 1873 2148 2479 2637 3035 3276 3548 3935 4280 4571 4941 7020 
14 110 729 1056 1448 1839 2045 2340 2554 2856 3239 3381 4763 6237 6517 
12 111 708 1140 2513 3685 4155 4346 4442 4854 5246 5562 6535 
23 112 569 1039 1292 1527 1606 1858 2231 2562 2818 3072 3408 3681 4131 4449 4883 5127 5545 5838 6108 6572 7007 7196 
15 113 772 1126 1493 1978 2492 2774 3362 4691 5725 5907 6148 6424 6807 7243 
13 114 563 2392 4015 4416 4847 5205 5336 5647 5961 6314 6703 6977 
14 115 835 2246 3456 3774 4666 5208 5525 5713 5899 6204 6437 6550 6886 
13 116 695 1144 1552 1822 2027 2373 2817 2933 3354 3913 4011 5644 
17 117 514 762 1155 1405 1828 1959 2472 2828 3047 3196 3287 3446 3578 5101 6733 7120 
12 118 434 852 1444 1656 1879 2477 2758 4837 6698 7063 7256 
17 119 559 1132 1540 1842 2248 2821 2945 3037 3147 4536 5707 6017 6225 6655 6847 7078 
25 120 741 1165 1334 1703 2197 2438 2691 2953 3275 3451 3713 3941 4299 4578 4848 5077 5218 5489 5811 6191 6585 6697 6981 7262 
13 121 487 878 1309 1545 3086 4804 5966 6009 6304 6628 6892 7214 
24 122 586 948 1413 1917 2427 2604 2845 3000 3257 3611 4118 4456 4711 4928 5276 5492 5884 6082 6262 6557 6926 7054 7343 
23 123 480 612 875 1151 1290 1507 1645 2123 2514 2757 3091 3637 4193 4444 4620 4948 6058 6271 6419 6714 6934 7050 
15 124 660 944 1194 2108 2377 2631 2866 4178 5495 5722 5954 6622 7092 7228 
11 125 552 779 927 1101 1216 1716 2510 2943 3321 5401 
8 126 730 1089 1408 1748 1998 3358 6121 
25 127 824 1073 1329 1682 2202 2622 2905 3219 3465 3689 4104 4462 4673 5079 5212 5402 5604 6061 6305 6497 6632 6734 6925 7248 
17 128 452 642 872 2602 3937 4142 4461 4789 5038 5355 5517 5817 6075 6606 6922 7147 
24 129 526 788 1291 1471 1731 1893 2317 2754 3095 3514 3764 4132 4314 4595 4950 5398 5565 5613 5765 5887 6291 6856 7255 
21 130 635 783 1079 1207 1256 1532 1625 2052 2558 2832 3138 3772 3889 4296 4435 5109 5381 5691 5913 6403 
23 131 528 947 1271 1650 1885 2187 2443 2724 2964 3327 3790 4209 4725 4960 5102 5231 5486 5855 6200 6684 7038 7282 
18 132 607 1164 1536 2017 2358 2597 2991 3244 3447 3652 3836 4195 4393 4668 5072 5509 5969 
21 133 482 1053 1179 1433 2040 2285 2755 3023 3393 3700 3934 4136 4431 4884 5331 5680 5857 6224 6590 6830 
26 134 421 682 891 1066 1342 1730 1909 2118 2319 2563 2756 3038 3314 3433 3812 4148 4537 4904 5219 5470 5869 6005 6325 6937 7221 
25 135 602 817 1153 1573 1794 2181 2442 2707 2938 3062 3339 3526 3759 4210 4670 4843 5073 5339 5704 5977 6308 6473 6821 7097 
25 136 444 860 1095 1386 1539 2019 2395 2491 3026 3143 3547 3903 4293 4479 4757 5054 5372 5580 6042 6383 6505 6742 6989 7338 
19 137 1180 1632 1894 2222 2555 2897 3123 3296 3762 4326 4645 4903 5262 5559 5972 6085 6564 6911 
28 138 479 897 1090 1456 1815 1984 2047 2240 2617 2950 3125 3532 3717 4047 4228 4674 4781 5036 5233 5522 5648 6008 6213 6428 6681 7042 7333 
12 139 433 719 2434 3773 4197 4591 4861 5019 5341 5624 5983 
22 140 740 970 1322 1986 2273 2422 2722 3085 3283 3579 3736 3994 4298 4709 5129 5493 5736 6099 6746 7001 7234 
20 141 767 1491 1672 1925 2391 2657 2881 3371 3749 4176 4577 4866 5052 5405 5784 6174 6450 6660 7014 
17 142 483 901 1058 1490 1784 2058 2381 2793 3211 3624 4281 4682 4836 5673 5975 7161 
20 143 558 1298 1747 2127 2529 2837 3003 3170 3383 3595 3916 4072 4373 4810 5502 6080 6486 6654 6825 
14 144 589 1367 1722 2207 2674 2888 3130 3349 3608 5305 6575 7070 7305 
11 145 438 1033 1504 1772 2176 4478 6336 6543 6896 7100 
18 146 665 949 1249 1671 1948 2315 2723 2961 3322 3588 3919 4325 5469 6718 6963 7183 7367 
14 147 675 908 1752 2308 2868 3530 3959 4319 4421 4710 4970 5100 5441 
19 148 716 1154 1449 1630 1733 1944 2416 2760 3455 3734 4000 4360 4515 4775 5043 5301 5498 6238 
20 149 651 1078 1362 1814 2256 2659 2797 3210 3541 3775 4168 4398 4603 5146 5475 6060 6507 6665 7340 
26 150 505 913 1112 1484 1869 2293 2535 2766 2962 3242 3550 3854 3946 4117 4336 4539 4898 5607 5874 6134 6433 6620 7026 7155 7290 
22 151 621 837 1156 1558 1754 1994 2304 2539 2830 3315 3751 4371 4826 5220 5390 5660 6097 6277 6519 6790 7108 
16 152 518 950 1350 1886 1988 2177 3508 5192 5614 5943 6178 6458 6687 7112 7359 
24 153 813 1307 1677 1860 2180 2497 2725 2912 3201 3428 3770 3900 4392 4630 4902 5089 5211 5761 6162 6266 6439 6650 6994 
22 154 406 532 985 1380 1616 1946 2278 2587 2937 3330 3982 4233 4597 4924 5207 5561 6007 6197 6741 6986 7253 
22 155 588 1004 1412 1758 2110 2816 3133 3361 3603 3921 4135 4521 4813 4959 5048 5391 5905 6124 6466 6824 7110 
19 156 654 1188 1466 1983 2504 2855 3159 3714 4093 4363 4784 5157 5536 5875 6221 6494 6794 7225 
25 157 564 1041 1601 1939 2446 2664 2975 3169 3470 3660 3940 4389 4592 4771 4929 5356 5540 5923 6067 6230 6532 6737 6969 7202 
14 158 604 1265 1546 2909 3966 4240 4653 4844 5409 5754 6194 6477 6910 
20 159 439 714 1003 1274 1678 1852 2119 2580 2851 3473 4001 4351 4799 5150 5344 5984 6380 6876 7132 
24 160 697 871 1392 1721 2236 2701 3067 3228 3402 3661 3849 4285 4410 4652 4889 4996 5458 5603 5951 6049 6340 6851 7334 
16 161 698 1388 1744 2121 2448 3626 4900 5452 5819 6165 6422 6738 6861 6955 7212 
25 162 673 926 1414 1881 2023 2245 2350 2650 2790 3160 3344 3598 3855 4038 4324 4609 4839 5166 5524 5747 6104 6404 6706 7003 
21 163 536 959 1383 1827 2075 2649 3209 3609 4028 4313 4457 4619 4733 5131 5215 5462 5823 6206 6430 6921 
18 164 432 902 1288 1521 1796 1902 2086 2441 2614 2751 3738 5116 5434 5715 5867 6218 6527 
16 165 964 1428 1841 2105 2354 2840 3410 3594 3943 4134 4636 5186 5459 5662 6090 
20 166 468 735 1143 2281 3506 3776 4190 4374 4519 4731 4859 5142 5375 5570 5935 6241 6656 6978 7365 
25 167 521 649 924 1173 1382 1642 2190 2279 2654 3184 3525 3893 4025 4342 4608 4878 5217 5574 5815 6434 6638 6789 7043 7211 
22 168 457 1082 1229 1707 2025 2696 2835 3034 3357 3490 3789 4157 4545 4698 5141 5737 6179 6311 6652 6932 7257 
17 169 409 780 1221 1655 2061 2624 2965 3203 3375 3671 3877 4252 4835 5159 5573 6623 
25 170 430 753 1034 1468 1952 2156 2478 2791 3055 3467 3765 3978 4356 4572 5042 5221 5546 5775 6046 6322 6720 7006 7169 7299 
26 171 404 445 793 1203 1485 1816 2343 2998 3544 3844 4282 4454 4726 4879 5160 5311 5511 5605 5793 6228 6506 6739 6797 6983 7280 
17 172 461 877 1065 1267 1637 1935 2243 2552 2831 3031 3294 3576 3805 4247 4557 6460 
15 173 733 1076 1308 1654 2069 2415 2630 3018 3392 3694 4300 4549 4796 7229 
8 174 1646 3051 3412 3733 4278 4471 6496 
24 175 540 724 997 1238 1595 1888 2147 2804 3014 3475 3869 4160 4275 4680 4980 5222 5668 5928 6139 6508 6603 6839 7059 
17 176 703 1029 1294 1582 2204 2770 3082 3259 3478 3859 4055 4301 5788 6716 6987 7219 
22 177 419 547 918 1209 1799 1958 2140 2406 2795 3110 3331 3499 3687 3984 4185 4359 4604 5773 6823 7087 7370 
16 178 456 961 1217 1425 1500 1767 1942 2400 2633 2896 3312 3909 4352 5281 6952 
16 179 928 1409 1916 2252 2376 2886 3154 3596 3803 4006 5466 6164 6444 6717 7143 
7 180 2296 4071 4422 4588 5834 7101 
16 181 408 1107 1669 1982 2306 2801 2980 3179 3690 4002 4202 4520 5810 6945 7320 
25 182 510 989 1236 1680 1993 2345 2598 2976 3302 3468 3963 4115 4418 4612 5015 5168 5699 6051 6375 6500 6646 6866 7098 7336 
18 183 1030 1259 1489 1759 2036 2374 2742 3011 3482 3680 4029 4658 4979 5249 5363 5578 7029 
26 184 694 1204 1693 2029 2232 2425 2534 2914 3167 3498 3610 3777 3989 4221 4544 4676 4730 5164 5735 5839 6175 6353 6811 6971 7269 
23 185 556 851 982 1277 1580 1872 2130 2498 2769 3265 3745 3992 4355 4845 5187 5423 5719 6029 6151 6397 6967 7286 
13 186 624 1109 1305 1516 1734 2021 2464 2721 2971 3245 3560 5904 
16 187 533 1085 1705 2024 2321 2576 2706 3108 3409 3824 5125 6275 6612 6840 7200 
21 188 512 786 1167 1361 1714 1867 2170 2341 2466 2924 3058 3253 3634 4092 4524 4715 5025 5320 5755 5982 
22 189 803 1295 1636 1926 2333 2777 3324 3763 4081 4267 4643 4787 4921 5193 5583 5789 5978 6172 6540 6990 7278 
20 190 640 1020 1607 1783 1967 2227 2566 2768 3218 3458 3546 3829 4297 4385 4830 5488 5572 6077 6321 
20 191 857 1106 1436 1755 2229 2584 2805 3448 3851 3904 4235 4617 4820 5293 5690 5918 6244 6678 7036 
17 192 493 1009 1454 1833 2116 2394 2609 2985 3225 4396 5778 6122 6289 6555 6829 7160 
12 193 592 1074 1525 2011 2274 2445 3907 5285 5666 6015 6544 
19 194 776 1410 1692 1847 2325 2666 2960 3231 3524 3841 4073 4489 4751 5295 5802 6270 6633 7031 
20 195 632 795 973 1438 1577 1726 2085 2291 2621 2843 3149 3431 3750 4171 4338 4495 4717 5877 7137 
19 196 821 969 1262 1688 2070 2480 3310 3702 4159 4492 5124 5638 5947 6100 6327 6728 6942 7153 
18 197 674 937 1131 1753 2087 2390 2716 3044 3367 4531 5663 5837 6069 6372 6708 6894 7356 
15 198 830 1190 2594 3748 4153 4408 4579 4769 4997 5438 5664 6208 6805 7207 
21 199 792 962 1515 1981 2369 2517 2865 3156 3437 3584 3825 4167 4412 4963 5357 5697 5842 6318 6701 7144 
15 200 481 869 1195 1651 2099 3356 4637 4939 5373 5701 6014 6363 6927 7312 
26 201 469 759 881 1526 1865 2131 2586 2783 3191 3441 3781 3974 4158 4587 4790 5040 5291 5642 5818 5897 6180 6393 6836 7175 7364 
10 202 543 836 1220 1354 1855 4441 6711 6933 7250 
8 203 2842 5158 5708 6011 6248 6696 7077 
25 204 407 571 885 1242 1586 2152 2506 2697 3066 3607 3852 4198 4513 4694 4927 5167 5421 5535 5640 5967 6283 6570 6764 6895 
13 205 426 681 1006 1192 3234 5259 5425 5835 6217 6760 6979 7271 
14 206 699 1070 1337 1690 2122 2565 2823 3151 3285 3399 3619 4027 6235 
21 207 799 1482 1795 2259 2473 2841 2889 3195 3395 3801 4150 4700 5252 5491 5816 6227 6502 6729 7076 7246 
17 208 754 1013 1324 1509 1846 2297 3727 5153 5327 5631 5906 6117 6328 6524 6751 7142 
17 209 676 1171 1357 1633 2079 2255 2642 3032 3266 3493 3794 4173 4581 4814 5059 6491 
19 210 574 1059 1356 2064 2460 2838 2946 3188 3667 3925 4286 4752 5011 5532 5962 6354 6582 7090 
16 211 1389 1949 2625 2867 3222 3567 3894 3960 4211 4423 4841 4892 5123 5382 5991 
20 212 967 1348 1522 1923 2277 2665 2846 2957 3220 3474 3666 3840 4172 4627 4779 5169 5597 6242 6547 
10 213 465 775 1135 3507 5974 6378 6695 7099 7277 
19 214 550 991 1312 1676 2223 2643 3004 3223 3635 4251 4669 4986 5325 5796 6054 6387 6881 7011 
16 215 566 1023 2439 3568 3795 3997 4245 4662 4917 5181 5483 5812 6234 6441 7193 
9 216 906 1330 1617 1857 2098 2384 4559 7048 
16 217 847 1185 1543 1774 1964 2214 2668 3064 3249 3519 3827 5310 6471 6798 7094 
9 218 1803 4261 5675 5990 6188 6480 7065 7317 
23 219 605 1251 1574 1845 2208 2337 2759 3472 3871 4014 4125 4455 4738 4945 5321 5634 6171 6317 6484 6864 7188 7272 
22 220 670 1158 1310 1621 1789 2468 2918 3107 3325 3744 4086 4270 4458 4593 4806 4934 5396 5615 6161 6566 6912 
13 221 633 1124 1487 1840 2063 2519 2882 3520 3760 5598 7018 7204 
22 222 458 886 1181 1458 1968 2311 2655 2970 3284 3592 3945 4144 4626 5068 5431 5769 6095 6358 6529 6924 7088 
22 223 627 882 1250 1439 1933 2413 2892 3162 3281 3580 4094 4266 4511 4794 4913 5436 5878 6140 6448 6702 6960 
21 224 710 1088 1562 2196 3052 3292 3791 4062 4256 4540 4808 5177 5408 5599 5854 5941 6263 6545 6992 7186 
21 225 509 809 977 1498 1723 2026 2474 2968 3426 3779 4320 4767 5066 5456 5557 6023 6280 6537 6852 7104 
17 226 650 1094 1459 2015 3416 4403 4798 4947 5289 5526 5744 5936 6189 6481 7106 7308 
17 227 702 1302 1686 1903 2115 2475 2849 3171 3590 3892 4124 4452 4551 4910 5091 7190 
25 228 462 731 1052 1338 1679 1957 2216 2765 3158 3486 3766 4064 4183 4466 4526 4719 4943 5108 5309 5531 6003 6331 6672 7025 
12 229 934 1371 1947 2522 2893 3291 4707 5723 5919 6683 7289 
21 230 936 1395 1593 1848 2095 2194 2451 2702 3163 3881 4323 4570 5021 5549 5858 6445 6756 7002 7199 7294 
14 231 620 1081 1344 3263 4625 5014 5342 5729 6083 6290 6542 6796 6904 
25 232 459 738 957 1335 1624 1897 2263 2623 2836 3299 3511 3834 4133 4453 4659 4860 5033 5263 5515 5682 5994 6526 6837 7066 
15 233 1657 2698 3243 3487 3890 4362 4944 5496 5822 5932 6168 6348 6867 7203 
18 234 594 1186 1810 1931 2284 2704 2942 3139 3351 3701 3933 4170 4333 4834 5248 5649 6943 
23 235 648 986 1313 1618 1838 2151 2356 2676 3097 3391 3485 3797 4184 4538 4935 5191 5394 5844 6285 6666 6862 7148 
11 236 495 845 1239 1517 1687 1836 2271 2591 5201 7195 
22 237 470 925 1110 1321 1614 2174 2469 2811 3099 3389 3996 4562 4809 4951 5088 5317 5938 6233 6427 6804 7260 
25 238 582 1091 1365 1856 2013 2244 2695 3119 3695 3951 4088 4384 4585 4795 4957 5283 5507 5709 5992 6254 6443 6659 7086 7288 
23 239 425 921 1496 1763 2228 2501 2684 3109 3343 3798 4056 4217 4311 4555 4745 4998 5576 5894 6272 6459 6667 7053 
14 240 1622 3189 3377 3662 4123 4563 4999 5145 5455 5771 6036 6296 6463 
22 241 658 974 1218 1541 1850 2084 2440 2720 2956 3172 3397 3630 4012 4482 4920 5080 5474 5753 6160 6597 7139 
21 242 553 1150 1424 1738 1960 2303 2483 2853 3096 3422 3672 3792 4196 4439 5095 5400 5779 6094 6498 6913 
21 243 728 930 1051 1370 1712 1997 2435 2850 3260 3336 3515 4105 4406 4914 5303 5609 5914 6713 6872 7062 
23 244 539 1210 1511 1775 2224 2331 2636 2862 3127 3334 3868 4330 4740 4863 5223 5606 5751 5980 6385 6785 7010 7344 
23 245 403 622 1161 1359 1724 2260 2401 2744 2995 3297 3731 4087 4641 4897 5111 5304 5465 5787 6101 6530 7021 7369 
14 246 525 951 1375 1717 1910 2053 4151 6268 6539 6828 6919 7057 7354 
22 247 723 1590 2137 2324 2699 2913 3372 3552 3991 4268 4598 4704 5061 5269 5471 5976 6337 6577 6810 7030 7324 
19 248 490 666 2074 3710 3874 4075 4188 4486 4785 5074 5288 5472 5667 6037 6379 6598 6755 7194 
16 249 797 1159 3415 5078 5351 5566 5620 5703 5995 6345 6398 6637 6844 7012 7239 
10 250 501 800 1116 1300 1769 2179 2266 2573 4976 
23 251 672 1172 1333 1878 2363 2677 3042 3270 3326 3561 3641 3962 4215 4543 4655 4875 5135 5389 5527 5750 6031 7348 
15 252 467 773 2685 4576 4762 5155 5477 5770 6047 6284 6653 6902 7223 7362 
24 253 599 958 1177 1790 2175 2489 2799 2885 3098 3355 3631 3956 4208 4512 4754 5105 5385 5650 6196 6359 6668 6887 7332 
19 254 770 1363 1782 1979 2431 2762 2986 3386 3574 3743 3964 4509 4727 5247 5774 5996 6143 7318 
22 255 653 1096 1450 1685 2154 2500 2890 3204 3642 3986 4665 4882 5119 5323 5393 5581 5841 6154 6754 6900 7231 
11 256 554 725 810 1115 1381 3164 3693 4141 4736 6115 
10 257 499 2454 3726 3995 4138 5587 6749 6884 7241 
19 258 743 854 1492 1866 2493 2607 2693 3382 3593 3906 4510 5148 5451 5696 5893 6245 6930 7121 
16 259 850 1263 1563 3029 4248 4404 4718 5032 5284 5726 6137 6367 6595 6929 7242 
21 260 608 819 1553 2009 2553 2941 3168 3533 3931 4165 4434 4583 4815 5206 5500 5926 6131 6483 6814 7015 
16 261 722 1401 1547 1749 2055 2380 2806 3229 3761 3976 4249 4632 5120 5444 6707 
27 262 500 778 1050 1478 2043 2312 2605 2932 3078 3226 3411 3601 3813 4106 4446 4661 4840 5188 5449 5563 5856 6081 6286 6608 6773 7176 
22 263 497 1012 1163 1663 2136 2585 2863 3182 3373 3489 3724 3926 4433 5173 5656 5964 6163 6352 6634 6959 7284 
11 264 616 1000 3318 5176 5653 6138 6407 6648 6883 7208 
21 265 746 1072 1301 1610 2382 3015 3363 3784 3973 4347 4651 4992 5380 5781 6089 6369 6689 6860 7232 7355 
13 266 463 736 1133 1282 1781 2270 2690 3116 3614 5069 6381 6793 
13 267 841 1057 1317 1683 2073 2361 2511 2763 3152 3307 3539 5852 
22 268 687 1519 1843 2139 2444 2730 2979 3274 3376 3668 3809 4575 4773 5448 5558 5688 6028 6310 6436 6699 7114 
20 269 752 1043 1198 1512 1989 2262 2629 3019 3248 3606 3754 4128 4525 4822 5027 5085 5414 5718 5903 
26 270 555 922 1166 1441 1592 1765 2150 2408 2658 2752 3013 3443 3677 4009 4254 4517 4687 5128 5202 5589 6040 6364 6479 6669 7037 
16 271 690 1064 1551 1940 2567 2981 3572 4114 4432 4811 5437 6013 6514 7081 7198 
14 272 560 774 1211 1555 3365 4973 5324 5654 5910 6388 6726 6968 7117 
17 273 484 879 1469 1598 1797 2189 2327 2579 2917 3236 3510 3873 4082 4420 6059 7233 
24 274 508 915 1452 1648 2014 2241 2428 2854 3153 3304 3746 3942 4310 4697 5006 5279 5590 5971 6329 6410 6776 7055 7321 
23 275 580 1120 1475 1766 2186 2595 2915 3150 3531 3826 4083 4283 4451 4639 4962 5299 5485 5706 5868 6261 6589 7013 
22 276 453 805 1219 1559 2165 2496 2688 2880 3040 3181 3563 3862 3972 4332 4600 4891 5255 5895 6349 6993 7201 
16 277 668 1122 1320 1704 1972 2062 2211 2405 3048 3407 3696 5337 6580 6897 7295 
24 278 623 916 1283 1631 1821 2437 2731 3089 3277 3644 4147 4568 4801 5117 5461 5832 6050 6192 6400 6568 6779 6984 7252 
12 279 424 833 1098 1461 1956 3269 4518 4759 5055 5254 6323 
24 280 486 1396 1780 2203 2530 2775 3016 3340 3602 3712 3928 4227 4429 4657 4977 5435 5591 5794 6307 6574 6723 6848 7192 
16 281 596 965 1327 2028 2146 2353 2651 3121 3309 3534 4074 4623 4880 5137 6627 
25 282 516 827 984 1673 1892 2294 2450 2626 2919 3140 3492 3886 4085 4174 4689 5029 5329 5541 5814 5927 6016 6335 6854 7096 
17 283 530 861 1040 1664 2083 2316 2717 3543 4315 4500 4972 5286 5813 6395 6593 6941 
12 284 688 1518 1849 2298 3076 3345 3655 4108 4474 4829 6559 
17 285 646 914 1142 1564 1871 2153 2467 2864 3025 3213 3629 4034 4483 5885 6870 7170 
18 286 446 1047 1353 1695 2680 3822 4259 4400 4616 4821 5139 5412 5922 6306 6712 6947 7337 
12 287 807 1372 1859 2206 2366 2794 3135 3739 4329 5930 7259 
17 288 472 656 998 1431 1921 2289 2692 3059 3271 3632 4039 4302 4560 4869 5224 5480 
21 289 441 1021 1505 1807 2022 2322 2523 3027 3718 4162 4425 4800 4908 5096 5241 5622 6053 6347 6581 7082 
17 290 537 794 1178 2786 4223 4399 4594 4873 5113 5196 5510 5582 5889 6416 6928 7363 
13 291 700 1191 1419 1523 1658 1825 2001 2265 3558 4961 5332 6546 
20 292 478 757 910 1111 1681 1831 2302 2983 3536 4274 4772 5338 5728 5987 6215 6300 6663 7060 7206 
14 293 577 895 1323 1770 2225 2547 2916 3136 3394 3936 5623 7238 7347 
18 294 498 890 1141 1325 1787 2132 2902 3289 3722 4107 4472 5002 5250 5836 6169 6560 7113 
23 295 491 705 945 1184 1528 1937 2178 2648 3115 3293 3575 4018 4139 4322 4672 4978 5152 5630 5862 6135 6563 6958 
29 296 449 715 896 1016 1506 1975 2226 2449 2673 3012 3317 3591 3885 4091 4409 4797 4946 5082 5333 5671 5942 6211 6472 6675 6771 6982 7133 7330 
17 297 811 1201 1427 2141 2627 2959 3378 3577 3756 3998 4241 4664 5093 5334 5886 7368 
11 298 629 943 2407 3950 4126 4317 5523 6736 7039 7263 
17 299 626 932 1481 1976 2237 2761 3122 3518 3719 4057 4242 4514 4777 5067 6522 7296 
20 300 436 812 1077 1613 2198 2596 2847 3235 3586 3837 4225 4390 5106 5534 5758 6086 6384 6918 7119 
20 301 1063 1253 1561 2161 2462 2901 3305 3540 3930 4084 4567 5179 5548 5845 6219 6362 6809 7047 7306 
10 302 570 876 1451 1659 2134 2581 4766 6964 7167 
18 303 737 1247 1440 1746 2112 2815 3102 3435 3657 3857 3983 4182 4508 4874 5097 5371 6596 
15 304 562 765 1092 1602 1971 2191 2857 3453 3860 4067 4236 4561 4949 6145 
16 305 919 1202 1411 2283 2711 3060 3461 3778 4340 4965 5418 5776 6295 6631 6999 
9 306 2732 4981 5296 5988 6343 6513 6826 7205 
21 307 609 1227 1453 1823 2282 2540 2782 3295 3423 3581 3879 4030 4358 4761 5239 5657 5997 6562 6938 7349 
25 308 504 920 1182 1378 1732 1966 2355 2603 2772 3036 3360 3782 4100 4601 4699 4855 4989 5272 5937 6205 6415 6618 6906 7275 
21 309 448 858 1087 1689 2188 2503 2879 3187 3477 3723 4121 4649 4952 5463 5881 6087 6425 6615 6962 7352 
19 310 1696 3033 3206 3615 4042 4382 4774 5199 5388 5560 5792 5989 6166 6368 6704 6750 7034 7264 
8 311 2018 3517 3816 4122 4533 4818 6309 
20 312 704 898 1237 1510 1762 2081 2323 2570 2814 3134 3914 4116 4547 4788 5136 5625 5931 6334 6610 
18 313 923 2305 3565 3675 3842 4089 4438 4988 5366 5601 6001 6112 6442 6643 6865 7123 7292 
15 314 706 1108 1549 1977 2541 3716 4747 5107 5362 5686 6079 6394 6614 7157 
19 315 517 1031 1406 1674 1912 2056 2533 2899 3161 3850 4381 4870 5005 5307 5873 6588 6975 7184 
24 316 442 933 1402 1684 1864 2167 2456 2788 3117 3427 3896 4046 4194 4493 4956 5383 5866 6092 6294 6619 6780 6909 7044 
15 317 758 980 1149 1390 1980 2286 2499 2927 3175 3388 3902 4307 4469 6156 
25 318 868 1314 1565 1862 2199 2397 2575 2749 3173 3564 3830 4037 4146 4484 4724 5086 5213 5410 5684 6093 6412 6710 6948 7287 
19 319 657 1183 1700 1963 2145 2557 2949 3338 3876 4052 4877 5411 5610 6035 6561 6787 7128 7266 
10 320 712 1138 1501 1905 2173 2660 5050 6721 7089 
18 321 522 825 1193 1569 1863 2088 2476 3112 3364 3599 3864 4279 4705 5198 5567 5780 7022 
16 322 701 832 1119 1740 2033 2313 2556 3073 3449 3686 3993 4378 4618 4679 6120 
17 323 903 1160 1643 2007 2808 3258 3496 3866 4113 4459 4663 4823 5328 5550 5985 7024 
15 324 763 1391 1644 1929 2126 2432 2600 2672 3094 3280 3708 5313 6777 6995 
11 325 492 2628 4415 4909 5175 5417 5952 6313 6735 7251 
21 326 585 1032 1306 1634 2004 2470 2911 3379 3799 3901 4206 4481 4872 5403 5677 5960 6269 6661 6996 7134 
11 327 768 1786 2082 2447 2820 3230 4566 5827 6222 6898 
25 328 663 801 1055 1245 1557 1791 1974 2093 2488 2877 3240 3512 3932 4303 4656 5180 5302 5519 5698 5908 6274 6722 7107 7220 
22 329 631 1197 1377 1927 2169 2590 2781 3053 3255 3549 3831 3999 4345 4728 5189 5349 5665 6019 6401 6642 6901 
25 330 644 954 1145 1304 1641 2057 2335 2746 2860 3106 3311 3817 4069 4642 4853 5209 5443 5586 5786 6044 6267 6493 6647 7226 
11 331 494 939 1222 1442 2124 2509 2922 3370 3647 5800 
19 332 755 1113 1924 2193 2521 2813 2966 3333 3753 3929 4156 4365 4688 4905 5003 5343 5979 7152 
21 333 527 826 1123 1384 1735 2049 2507 2940 3180 3587 3891 4050 4200 4337 4936 5376 5851 6601 6769 7230 
23 334 684 1407 1709 2050 2577 2903 3120 3522 3665 3953 4265 4582 4899 5242 5440 5651 6033 6183 6504 6858 7073 7283 
22 335 506 844 1296 1611 1882 2334 2737 3045 3247 3495 3758 4344 4650 4967 5294 5824 6105 6282 6649 6799 7058 
23 336 727 988 1534 1826 2129 2414 2675 2930 3100 3384 3650 4077 4368 4638 4916 4971 5275 5479 5993 6240 6509 6965 
26 337 677 796 931 1261 1566 1808 2238 2661 2785 2948 3227 3589 3752 4316 4499 4827 4968 5268 5585 5681 5763 6341 6503 6899 7197 
23 338 611 960 1230 1531 1800 2090 2320 2599 3145 3715 4013 4257 4527 4886 5183 5360 5544 5890 6070 6319 7023 7350 
15 339 823 1200 1398 1608 1920 2164 2465 2870 3207 4911 6236 6467 6768 7141 
16 340 760 1214 1647 1785 3129 4234 4419 4890 5379 5611 5804 6109 6482 6916 7122 
23 341 595 1069 1316 1745 2080 2452 2571 2764 3080 3369 3497 3705 4633 5419 5584 5805 6125 6408 6747 6944 7118 7222 
22 342 534 935 1488 1802 2268 2383 2606 2745 2999 3350 3625 3949 4341 4635 4922 5098 5618 5981 6409 6891 7156 
13 343 431 679 992 1393 1844 3500 5084 5629 5806 5998 6250 6591 
23 344 686 1037 1895 2925 3286 3528 3823 4041 4180 4376 4564 4690 5041 5194 5429 5637 5986 6210 6453 6800 7074 7297 
19 345 412 1014 1432 1809 2125 2550 2973 3272 3853 4532 4974 5346 5768 5912 6264 6658 6863 7213 
11 346 785 1015 1742 2269 2921 3504 4145 4445 4737 4887 
26 347 429 662 806 987 1315 1596 1896 2068 2314 2546 2898 3093 3166 3554 3819 4020 4339 4692 5087 5499 5739 6186 6457 6521 7247 
20 348 664 996 1426 1996 2264 2738 2936 3430 3967 4187 4354 4611 4975 5290 5482 5898 6417 6859 7173 
24 349 520 692 889 1117 1303 1805 2113 2318 2487 2875 3050 3429 3838 4102 4335 4732 4926 5151 5685 5916 6173 6635 6957 
16 350 1128 1529 2787 4101 4318 4405 4885 5162 5340 5766 5860 6043 6342 6616 7185 
22 351 856 1287 1798 1928 2143 2367 2767 3264 3556 3875 4035 4388 4748 5022 5364 5592 5757 5846 6078 6520 7285 
19 352 798 1477 1853 2172 2714 2988 3092 3400 3623 3884 4214 4893 5132 5326 5748 6074 6414 6744 
19 353 689 979 1366 1691 2003 2525 2861 3065 3328 3618 3944 4166 4413 4722 5197 5721 6499 7276 
13 354 822 1421 2039 2508 2667 2873 3114 3502 3965 4460 4838 6259 
19 355 422 742 1397 1736 2295 2727 2984 3585 3742 4294 4580 5122 5428 5711 6144 6396 6674 7068 
25 356 838 1010 1212 1464 1906 2107 2583 2848 3079 3425 3707 3807 4033 4212 4667 4807 5064 5588 5767 6055 6326 6523 6842 7091 
18 357 410 614 905 1612 1890 2135 2348 2700 2935 3347 3636 3870 5051 6376 6578 6920 7309 
21 358 606 917 1075 1494 1652 2109 2419 2689 3022 3557 4181 4750 5075 5415 5533 5959 6187 6418 6692 7126 
22 359 405 591 828 1234 1502 1729 1899 2352 2612 3199 3505 3800 3975 4334 4542 4925 5257 5944 6098 6431 6873 
15 360 639 1157 1446 1953 2280 2486 4040 5083 5359 5883 6346 6534 6817 7249 
15 361 744 1279 1483 1579 1973 3174 4473 4918 5134 5759 6084 6255 6548 7216 
17 362 1118 1660 2292 2593 3262 3569 3899 4163 4629 5308 5504 5672 5901 6113 6525 6875 
14 363 683 1162 1583 1793 2159 2429 2709 3832 5260 5828 6223 6451 6745 
15 364 2006 3663 3845 4143 4372 4615 5020 5447 5716 5902 6157 6432 6812 7274 
20 365 568 1364 1725 2094 2389 2670 2977 3537 3911 4550 4723 5001 5306 5627 6045 6247 6541 7178 7357 
26 366 427 972 1275 1460 1662 1907 2235 2360 2753 2996 3084 3444 3683 3923 4111 4395 4714 4931 5406 5555 5762 6332 6456 6792 7181 
11 367 955 1319 2869 4023 4309 4819 5253 5318 5553 7009 
15 368 1915 3582 3917 4189 4468 4894 5156 5537 5933 6212 6609 6719 6917 7235 
21 369 647 1231 1699 2114 2515 2712 2978 3404 3740 4079 4414 4812 5235 5505 5843 6041 6355 6788 7217 7366 
13 370 428 999 1233 1667 1835 2212 3883 5368 5564 5798 6018 7236 
26 371 637 953 1102 1653 1792 2072 2254 2485 2728 2982 3238 3494 4004 4391 4634 4755 4953 5261 5568 5700 5911 6064 6405 6815 7093 
14 372 538 1027 2403 3466 3704 4129 4465 5103 5730 6066 6492 6818 7005 
11 373 601 1147 1470 1600 1778 3176 4746 5056 5226 7151 
22 374 511 888 1345 1520 1737 2111 2532 2826 3132 3424 3768 4095 4353 4739 4871 5118 5457 5829 6350 6624 7027 
22 375 863 1336 1578 1777 2162 2548 3057 3224 3583 3918 4152 4589 4867 5090 5481 5892 6068 6299 6435 6691 6980 
23 376 502 859 1129 1530 1697 2182 2559 2771 3020 3403 3673 3820 4109 4238 4574 4824 5200 5358 5593 6202 6822 7244 
23 377 739 1008 1318 1715 2037 2342 2703 2974 3308 3682 4059 4312 4505 4708 5035 5384 5924 6132 6489 6743 6905 7165 
9 378 531 893 1049 1358 1806 2215 2736 5171 
22 379 952 1675 1812 1943 2192 2741 2972 3313 3622 3802 4169 4621 4857 5237 5693 6126 6273 6461 6673 6890 7085 
16 380 420 590 1002 2149 3215 3628 3728 4053 4304 4443 4743 5000 5600 5956 6039 
12 381 750 1170 1399 3488 5602 5859 6258 6551 6784 6954 7270 
23 382 846 1435 1824 2097 2436 3021 3185 3604 3843 4008 4216 4364 4677 4994 5312 5608 6027 6292 6446 6636 6877 7268 
19 383 466 766 2054 3300 3732 4063 4328 4565 4849 5012 5204 5407 5694 5963 6301 6715 6914 7353 
11 384 1235 1954 2426 2784 3006 3434 3788 4177 4793 6495 
21 385 485 587 816 1264 1591 1908 2328 2656 2997 3303 3476 3720 3985 4306 4523 5240 5724 6243 6617 7056 
20 386 477 892 1199 1710 2163 2368 2876 3246 3839 3980 4218 4558 4828 5182 5353 5621 6256 6679 7127 
21 387 711 956 1281 1701 2044 2230 2516 2990 3198 3551 3908 3970 4379 4865 5017 5551 5826 6181 6518 7227 
16 388 1121 1537 1965 2133 2549 3083 3233 3501 3808 4031 4229 4357 4528 5876 7075 
13 389 1104 1429 1605 1830 2092 2574 2939 4783 6429 6680 7254 7342 
26 390 451 840 900 1311 1581 1727 2002 2386 2461 2969 3319 3627 3882 4096 4375 4671 4954 5232 5538 5850 6193 6324 6594 6956 7095 
25 391 523 787 1086 1508 1934 2494 3009 3212 3290 3483 3645 3905 4277 4430 4703 4846 5229 5539 5849 6110 6226 6724 7111 7265 
12 392 603 853 1252 1639 1945 2261 2538 2904 3104 3654 5809 
21 393 628 1196 1343 1661 1914 2258 2682 3141 3320 3957 4498 4712 5065 5256 5352 5921 6133 6607 7040 7346 
14 394 414 756 1224 1499 1874 3111 4852 5314 5712 6091 6333 6765 7210 
17 395 557 802 1005 1346 1901 2155 2844 3241 3513 3730 3971 4348 4467 5661 7159 7218 
17 396 400 855 1146 2544 3846 4186 4288 4516 4901 5430 5772 6004 6339 6512 6795 7302 
12 397 440 1105 2616 3542 3833 4402 4716 5234 5490 5742 6903 
12 398 515 978 3261 5126 5439 5760 6071 6246 6382 7103 7325 
12 399 475 820 2907 4720 5121 5617 5847 6153 6579 6853 7071 
