25 0 514 1089 1341 1822 2271 2603 2735 3047 3251 3508 4242 4579 5008 5441 5797 6250 6735 7019 7556 7796 8380 8833 9331 9765 
32 1 365 551 1161 1499 1762 2204 2488 2856 3218 3462 3641 3937 4150 4541 4990 5389 5880 6176 6414 6871 7134 7482 7926 8116 8400 8659 8822 9146 9370 9733 9969 
29 2 782 1062 1512 1849 2211 2738 3001 3248 3308 3576 4095 4582 4893 5173 5555 6069 6495 6645 6911 7186 7373 7781 8150 8492 8836 9403 9696 9868 
31 3 371 550 888 1288 1586 2002 2272 2412 2660 3119 3486 3751 4132 4432 4722 4968 5625 5951 6226 6518 6838 7313 7746 7975 8264 8916 9179 9771 9957 9993 
30 4 409 841 1058 1623 1761 1994 2610 2898 3204 3456 3872 4147 4548 5042 5412 6005 6281 6617 7037 7359 7952 8074 8206 8771 9122 9425 9614 9738 9879 
27 5 726 1216 1731 2311 2806 3195 3451 3703 4018 4373 4642 4780 5582 5943 6302 6587 7026 7396 7554 7940 8352 8648 8994 9184 9564 9990 
33 6 569 1083 1301 1543 1791 2056 2228 2636 2964 3255 3543 3720 3869 4401 4772 5102 5386 5949 6130 6501 6789 6994 7258 7562 7997 8412 8731 8923 9254 9453 9695 9936 
29 7 394 698 1025 1421 1625 2126 2482 2828 3004 3492 3705 4331 4698 4811 5073 5591 5895 6342 6702 7074 7229 7465 7687 8204 8649 9023 9176 9582 
26 8 682 1054 1396 1948 2619 2855 3038 3415 3620 3905 4295 4598 4723 5180 5698 5983 6177 6592 6774 7383 7716 8095 8674 9178 9462 
30 9 731 902 1024 1416 1779 2313 2888 3114 3437 3718 4177 4429 4790 4924 5375 5661 5875 6043 6630 6924 7179 7652 7888 8406 8576 8880 9165 9377 9999 
33 10 521 961 1134 1641 2029 2402 2584 2688 2977 3339 3772 4084 4212 4503 4855 5172 5539 5809 6004 6194 6433 6936 7177 7494 7711 8035 8384 8620 8864 9157 9604 9795 
25 11 506 800 1196 1716 1997 2206 2394 3122 3670 4149 4578 4919 5253 5652 6092 6437 6867 7203 7365 7618 8221 8542 8947 9641 
26 12 545 818 1400 1713 1944 2254 2298 2761 3013 3403 3750 4278 4537 5161 5535 5854 6550 6861 7106 7544 7956 8673 8891 9309 9938 
28 13 435 675 945 1111 1145 1344 1763 2144 2449 3151 3511 3975 4437 4917 5460 5758 6084 6610 6914 7143 7555 7807 8102 8615 9041 9195 9597 
30 14 380 873 1184 1483 1735 2071 2413 2937 3055 3505 3978 4317 4487 5052 5608 5856 6101 6337 6777 7070 7438 7920 8242 8462 8961 9288 9463 9606 9836 
30 15 426 916 1489 1797 2365 2568 2711 3197 3625 4063 4334 4881 5291 5646 5825 6274 6521 6772 7239 7414 7574 7681 8112 8520 8743 9067 9281 9524 9736 
25 16 799 1356 1886 2266 2532 2923 3224 3784 3852 4259 4649 4940 5577 6154 6446 6821 7053 7350 7771 7903 8409 8957 9304 9887 
25 17 861 1018 1444 1776 2218 2460 2742 3395 3906 4299 4668 5116 5527 5839 6178 6447 7027 7280 7533 8240 8626 9352 9750 9989 
29 18 633 914 1382 1709 2016 2455 2894 3174 3416 4184 4517 4767 5240 5641 5900 6208 6621 6782 7068 7665 8083 8265 8753 9036 9285 9608 9797 9939 
31 19 562 768 1320 1642 1785 2164 2366 2805 2972 3490 3722 4100 4345 4666 4822 5366 5518 6090 6352 6585 6805 7007 7596 8036 8458 8797 9148 9518 9767 9984 
23 20 755 1060 1360 1725 2121 2480 2871 3600 4191 4496 4847 4911 5232 6096 6277 6983 7483 7806 8157 8450 9026 9603 
29 21 541 1061 1464 1868 2157 2573 2699 2979 3262 3654 3930 4170 4606 4946 5242 5863 6216 6720 7052 7200 7641 7911 8136 8503 8617 8950 9328 9739 
28 22 515 708 1188 1545 1814 2139 2764 3147 3493 4010 4635 4890 5419 5734 5952 6460 6999 7230 7561 7702 8122 8592 8800 9101 9442 9626 9878 
33 23 389 761 1141 1462 1863 2075 2348 2718 2924 3229 3467 3615 3994 4468 4757 5400 5810 6063 6382 6666 7020 7281 7599 7745 8063 8201 8547 8875 9097 9298 9573 9847 
30 24 381 1005 1287 1654 1891 2304 2671 3138 3295 3587 3965 4243 4659 4846 5268 5540 5804 6066 6522 6998 7546 7813 8016 8416 8826 9057 9375 9681 9988 
27 25 754 1173 1402 1910 2546 3184 3761 4291 4447 4639 5167 5624 5855 6423 6644 7187 7351 7635 7798 8123 8431 8663 8877 9398 9685 9880 
30 26 448 654 935 1197 1447 1976 2195 2784 3234 3888 4112 4455 4920 5247 5446 5779 6289 6557 6796 7306 7422 7762 8077 8359 8593 8966 9351 9747 9983 
25 27 414 683 963 1477 2120 2814 3183 3507 4061 4374 4789 4980 5581 5852 6203 6525 6979 7521 8261 8638 8931 9272 9496 9832 
27 28 533 719 860 1195 1409 1772 2162 2411 2663 3164 3478 3798 4032 4711 5059 5503 5871 6345 6533 6791 7149 7736 8041 8405 8887 9511 
27 29 423 751 964 1334 1695 1847 2335 2868 3319 3796 4217 4577 4997 5275 5888 6251 6766 7013 7274 7553 8098 8510 8768 9055 9439 9610 
28 30 390 688 969 1259 1407 1987 2108 2514 2889 3159 3445 4037 4590 4913 5187 5359 5916 6380 6787 7276 7570 8004 8588 8735 9278 9644 9955 
32 31 489 706 950 1198 1533 2095 2367 2557 2750 3015 3228 3744 4023 4256 4599 4981 5383 5592 5944 6293 6659 7055 7701 8244 8472 8655 8767 8914 9083 9361 9830 
27 32 574 947 1517 1961 2565 3179 3540 3824 4183 4465 4779 4987 5098 5425 5727 6059 6492 6907 7578 7875 8181 8401 8505 8727 9250 9861 
23 33 642 954 1518 1740 1928 2396 2949 3472 3856 4344 4877 5191 5622 5962 6303 6957 7520 7944 8239 8469 8910 9550 
26 34 645 918 1210 1519 1938 2369 2528 2945 3350 3754 3922 4543 4677 5007 5335 5791 6169 6649 7148 7540 7839 8423 8837 9225 9826 
30 35 667 956 1238 1795 1956 2305 2472 2831 3118 3406 3716 4071 4621 5018 5404 5634 5974 6205 6407 6647 6938 7295 7738 8278 8519 8723 8975 9279 9721 
26 36 722 1028 1522 2058 2470 2943 3222 3541 3862 4105 4770 5114 5557 5874 6265 6570 6980 7355 7655 8001 8385 8594 8834 9163 9645 
29 37 393 919 1266 1875 2572 2768 3125 3429 3974 4134 4360 4783 5311 5650 5755 5909 6301 6527 6813 7132 7358 7605 8011 8339 8847 8996 9553 9890 
26 38 395 802 996 1240 1467 1756 2363 2579 3157 3762 4276 4551 5026 5444 5799 6259 6400 6755 7159 7517 8025 8300 8725 9054 9694 
29 39 359 700 1153 1513 1823 2097 2308 2622 2863 3310 3597 4073 4613 5126 5279 5688 6081 6481 6775 7083 7491 7688 8080 8445 8813 9107 9432 9813 
27 40 626 880 1170 1345 1597 1758 2159 2288 2707 2987 3344 3717 3977 4266 4473 4763 5257 5741 6257 6751 7391 7689 8032 8425 8977 9545 
29 41 650 1257 1401 1765 1924 2169 2456 2845 3239 3483 3702 4098 4390 4481 4773 5159 5484 5828 6381 6573 7072 7524 7856 8202 8616 9049 9289 9467 
29 42 864 1014 1367 1615 2035 2341 2681 3107 3297 3765 4053 4410 5068 5328 5759 6093 6282 6361 6784 7413 7770 8141 8317 8602 9046 9342 9647 9937 
30 43 735 1079 1525 1934 2237 2310 2674 2942 3304 3674 4082 4372 4801 5136 5334 5500 5926 6067 6308 6679 7028 7508 8024 8407 8717 9301 9483 9686 9997 
31 44 568 1050 1451 1696 2036 2614 2825 3036 3455 3731 3954 4289 4628 4936 5305 5631 6119 6383 6846 7047 7432 7850 8117 8328 8660 8780 9138 9443 9702 9824 
27 45 355 729 1047 1372 1900 2344 2626 3028 3352 3769 4300 4734 5099 5695 6030 6338 6797 7127 7278 7772 7921 8129 8522 8990 9450 9950 
31 46 711 1081 1647 2045 2360 2605 2808 3059 3590 3944 4087 4467 4708 5083 5450 5687 6023 6125 6296 6839 7183 7694 8018 8257 8676 8866 9104 9378 9751 9853 
32 47 831 1132 1229 1760 2136 2516 2956 3300 3851 4186 4399 4634 4967 5193 5528 5771 5938 6164 6418 6855 7399 7586 7792 8081 8525 8739 8945 9135 9469 9680 9975 
30 48 401 724 965 1343 1594 2060 2135 2723 3212 3357 3897 4187 4395 4721 5156 5410 5596 6062 6421 6779 6909 7223 7886 8249 8635 9099 9231 9590 9892 
30 49 663 848 1374 1539 1834 2230 2378 2752 2919 3037 3330 3857 4190 4550 5081 5568 6091 6332 6515 6819 7232 7515 7777 8208 8524 8927 9286 9778 9964 
30 50 386 648 928 1248 1488 1936 2198 2583 2951 3402 3698 3938 4292 4559 5009 5385 5686 6082 6500 6756 7311 7680 8106 8453 8637 8946 9295 9709 9992 
27 51 444 631 1078 1724 2180 2531 2697 3178 3800 4322 4494 4766 5006 5330 5707 5930 6231 6832 7209 7460 7666 8008 8500 9047 9631 9914 
22 52 811 1472 1658 1978 2634 3284 3633 4074 4719 4889 5301 5738 6112 6640 6977 7234 7661 8148 8634 8982 9656 
25 53 781 1150 1434 1689 2395 2762 3100 3232 3556 3908 4323 4860 5380 5867 6545 7085 7427 7731 8089 8545 8762 9249 9486 9965 
31 54 441 778 1074 1373 1759 2090 2495 2789 3026 3383 3535 3925 4247 4785 5489 5743 5986 6327 6618 7057 7423 7629 8107 8165 8382 8696 9159 9430 9584 9911 
27 55 575 845 1220 1426 1898 2372 2957 3254 3426 3612 3952 4118 4535 4851 5280 5731 6252 6716 6870 7152 7559 8015 8343 8507 9030 9580 
27 56 668 1051 1530 1878 2331 2680 3126 3430 4051 4484 4951 5313 5590 5977 6065 6181 6737 7095 7759 8003 8285 8480 8803 9210 9559 9945 
29 57 842 896 1041 1225 1584 1933 2197 2550 2807 3215 3515 3870 4348 4694 5431 5636 6133 6443 7017 7308 7531 7803 7980 8297 8740 9052 9353 9774 
30 58 529 837 1139 1557 1870 2182 2773 3219 3485 3634 3780 3891 4488 4651 4866 5288 5562 5732 6157 6725 7201 7487 7923 8381 8698 8937 9374 9794 9917 
26 59 563 1100 1484 1692 2031 2315 2722 3030 3386 3755 3981 4406 4829 5141 5426 5901 6280 6848 7198 7322 7965 8318 8736 9043 9586 
30 60 525 773 1258 1750 2210 2655 2906 3087 3203 3476 3844 4152 4492 4748 5086 5345 5668 5978 6354 6734 7040 7293 7717 8142 8706 9056 9382 9577 9846 
30 61 375 652 917 1207 1671 1966 2235 2640 2760 3019 3408 3728 4210 4655 4910 5157 5469 5816 6346 6581 6837 7416 7590 7810 8105 8354 8564 8948 9660 
31 62 620 728 875 1166 1662 1804 1908 2346 2513 3052 3306 3640 3890 4181 4740 5085 5567 5924 6248 6457 6758 7161 7402 7789 8054 8508 8799 9209 9435 9909 
29 63 453 789 949 1322 1575 2022 2559 2754 3143 3290 3681 4121 4525 4747 5089 5438 5950 6341 6496 6874 7255 7582 7968 8494 8997 9182 9347 9923 
29 64 666 1206 1532 1825 2259 2506 3031 3325 3554 3882 4219 4442 5087 5470 5833 6151 6398 6674 6955 7162 7536 7896 8199 8419 8535 8729 9357 9759 
29 65 374 658 725 1187 1470 1882 2061 2189 2575 2944 3324 3436 3983 4358 4726 4973 5445 5724 6088 6442 6844 7417 7906 8215 8926 9094 9521 9901 
29 66 798 1068 1213 1429 1803 2302 2617 2838 3233 3661 3843 4305 4827 5154 5494 5729 6006 6343 6809 7196 7496 7802 8053 8410 8745 9194 9581 9896 
28 67 646 882 1157 1505 1922 2291 2692 3024 3345 3813 4250 4643 5226 5413 5599 5914 6408 6582 6896 7213 7749 7962 8350 8863 9005 9269 9829 
29 68 684 1275 1670 1840 2087 2526 3072 3559 3786 4143 4597 4743 4942 5314 5733 6098 6416 6850 6949 7110 7385 7852 8158 8496 8938 9034 9161 9667 
30 69 536 649 1278 1648 2260 2916 3500 3861 4246 4444 4975 5273 5523 5671 6105 6335 6667 6984 7147 7398 7730 7929 8138 8439 8561 8793 9155 9478 9732 
27 70 527 970 1410 1614 2104 2429 2746 3171 3934 4381 4896 5205 5525 5604 5984 6214 6658 7199 7506 7958 8396 8583 8928 9233 9621 9897 
30 71 589 838 1063 1389 1835 2229 2552 2900 3099 3521 3715 3998 4287 4686 5235 5546 5679 5817 6318 6537 6969 7216 7486 7960 8170 8373 8726 9234 9525 
25 72 540 817 1201 1585 2111 2286 2653 2858 3315 3767 4043 4504 5040 5507 6078 6389 6601 7032 7493 7727 8061 8497 9189 9622 
28 73 378 677 829 1103 1634 1950 2124 2461 2667 3133 3294 3685 4035 4529 5190 5720 6111 6322 6568 6981 7327 7981 8267 8818 9290 9657 9932 
27 74 672 893 1321 1520 1901 2263 2829 3067 3382 3711 4225 4443 4903 5065 5402 5820 6142 6652 7315 7659 8058 8313 8810 9123 9271 9482 
25 75 610 1084 1503 1883 2127 2510 2833 3307 3668 4174 4592 4745 5034 5617 6000 6369 6569 6912 7495 8197 8484 8651 9102 9520 
27 76 472 797 1388 1802 2407 2777 3158 3547 3961 4182 4712 4977 5403 5775 6339 6564 6800 7356 7741 8079 8389 8773 9112 9427 9585 9805 
28 77 516 1337 1707 1810 1877 2405 2933 3265 3710 3995 4180 4692 4864 5227 5451 5760 6141 6664 7003 7299 7619 7830 8427 8680 9042 9302 9674 
29 78 615 909 1264 1500 1602 1953 2349 2926 3188 3657 4014 4367 4523 4765 4955 5307 5639 5947 6291 6840 7242 7644 7890 8225 8772 9177 9372 9664 
28 79 592 885 1080 1176 1612 1918 2017 2631 2962 3260 3601 3907 4290 4568 4731 5100 5676 6236 6523 7022 7424 7876 8374 8551 8967 9335 9833 
28 80 501 660 1008 1172 1511 1717 1939 2381 2644 2994 3273 3742 4081 4453 5015 5292 5948 6399 6516 6892 7312 7844 8220 8476 9153 9529 9886 
23 81 687 1262 1945 2525 2925 3530 4003 4474 5274 5726 5968 6320 6536 6880 7300 7443 7866 8205 8584 9018 9755 9961 
29 82 483 866 1126 1739 2244 2388 2880 3116 3414 3646 3902 4122 4549 4880 5111 5806 6241 6317 6482 6925 7224 7406 7900 8232 8658 8890 9431 9776 
26 83 709 1136 1458 1917 2483 2834 3074 3504 3806 4154 4591 4887 5194 5588 5836 6049 6388 6753 7170 7439 7922 8237 8730 9071 9764 
30 84 587 674 1149 1578 1946 2387 2686 3127 3666 4057 4422 4533 5148 5427 5578 6106 6454 6780 7090 7272 7509 7782 8084 8556 8781 9198 9319 9598 9976 
28 85 705 1011 1473 1861 2158 2442 2875 3214 3342 3427 3763 4097 4268 4563 4875 5134 5715 6478 7175 7479 7814 8159 8353 8559 8807 9266 9471 
26 86 364 744 1033 1286 1580 1855 2257 2630 3054 3452 4133 4632 5104 5576 5932 6349 6713 7172 7567 8038 8531 8811 9227 9501 9769 
28 87 736 1390 1942 2188 2471 2645 2936 3380 3617 3797 4206 4419 4714 5069 5293 5473 5841 6129 6309 6769 6922 7225 7750 8436 8691 9315 9780 
25 88 464 1185 1738 2109 2563 2882 3651 3962 4311 4820 5225 5709 5956 6736 6945 7344 7677 8082 8260 8515 8719 9124 9457 9814 
32 89 547 1036 1146 1438 1573 1991 2285 2637 2755 3131 3474 3680 4131 4272 4754 5170 5693 5814 5904 6058 6427 6726 7049 7371 7534 7936 8238 8546 9228 9448 9922 
29 90 439 933 1255 1618 2015 2380 2706 3132 3366 3738 4016 4705 5049 5300 5683 5802 6430 6795 6885 7181 7463 7816 8195 8463 8876 9299 9672 9953 
28 91 481 810 998 1436 1972 2340 2509 3056 3316 3865 4116 4449 4894 5381 5613 5931 6465 7035 7411 7504 7867 8121 8705 8913 9164 9600 9775 
29 92 580 827 1306 1798 2086 2347 2860 3198 3618 4022 4459 4830 5224 5462 5873 6266 6504 6859 7144 7405 7723 8097 8361 8501 8801 9073 9190 9659 
30 93 366 460 903 1279 1577 2132 2576 3187 3578 3955 4162 4450 4620 4962 5332 5908 6115 6372 6651 7167 7532 7853 8193 8574 8972 9090 9276 9619 9726 
31 94 368 495 858 1331 1408 1906 2069 2520 3041 3363 3790 4411 4870 5051 5255 5594 5886 6273 6672 6843 7155 7456 7783 8226 8498 8700 9048 9310 9569 9821 
27 95 440 816 1260 1523 1782 2213 2497 2841 3377 3900 4340 4970 5215 5511 5772 5928 6357 6593 7064 7743 7925 8196 8687 9125 9437 9724 
25 96 846 1142 1555 2004 2401 2801 3553 3943 4312 4849 5078 5371 5786 6246 6714 7245 7767 8033 8118 8323 8708 9131 9699 9858 
28 97 753 1171 1569 1799 2171 2355 2971 3332 3555 3854 4173 4815 5395 5721 5890 6048 6552 7021 7394 7636 7977 8304 8528 8856 9411 9848 9998 
30 98 427 823 1167 1560 2005 2440 2702 3246 3664 4048 4357 4485 4884 5234 5512 5939 6165 6479 6748 6864 7415 7637 7927 8363 8830 9074 9252 9678 9855 
31 99 400 628 886 1261 1697 2184 2574 2728 2990 3281 3499 3805 4052 4434 5019 5267 5304 5915 6145 6790 7011 7288 7550 7913 8178 8716 8892 9217 9461 9956 
32 100 548 977 1355 1589 2059 2420 2701 3071 3420 3719 3836 4076 4600 4817 5318 5475 5756 5955 6470 6589 6918 7154 7468 7733 7939 8370 8848 8918 9451 9668 9889 
30 101 558 806 1127 1592 1881 2251 2553 2712 3121 3291 3602 3963 4341 5133 5388 5718 6012 6466 6818 7133 7407 7684 7893 8127 8585 8788 9201 9722 9921 
27 102 634 924 1295 1622 1952 2178 2373 2938 3487 3956 4230 4572 5137 5433 5778 6355 6695 7010 7400 7719 8306 8523 8815 9267 9720 9987 
28 103 504 1113 1476 1806 2165 2350 2648 3049 3570 4110 4546 5053 5658 5845 6085 6374 6836 7084 7498 8051 8227 8652 8929 9292 9412 9707 9946 
27 104 579 1006 1404 1635 1902 2409 2815 3141 3391 3569 4146 4617 4938 5230 5597 5887 6083 6441 6915 7270 7481 7842 8076 8541 9040 9446 
29 105 352 476 922 1044 1353 1628 2043 2250 2638 3093 3288 3580 4090 4554 4809 5131 5435 5728 6237 6687 7105 7646 7998 8429 8757 9158 9283 9537 
27 106 690 1064 1424 1752 2123 2503 2907 3271 3586 3892 4264 4848 5258 5570 5702 5967 6373 6834 7166 7323 7757 8075 8595 8908 9275 9723 
28 107 429 923 1087 1383 1651 2128 2312 2700 3269 3539 3926 4324 4412 4680 4918 5299 5618 6217 6510 7146 7454 7930 8243 8786 9188 9574 9785 
28 108 411 920 1302 1593 1977 2625 2999 3249 3706 4333 4730 4905 5091 5353 5526 5933 6187 6717 7120 7376 7631 7935 8367 8565 9103 9613 9777 
24 109 468 901 1280 1790 2042 2317 2554 2891 3422 3832 4115 4693 5030 5338 5583 6135 6611 7194 7763 8216 8569 9214 9904 
27 110 704 1009 1508 1828 2280 3017 3359 3688 4041 4526 4873 5056 5189 5551 5753 6071 6476 6648 7178 7715 8255 8600 8995 9338 9731 9963 
30 111 771 1226 1645 2028 2238 2418 2774 3180 3484 3660 3948 4436 4787 5153 5374 5614 6001 6298 6529 6699 7080 7510 7942 8331 8688 9095 9433 9595 9952 
31 112 746 971 1232 1446 1722 1927 2241 2521 2689 3033 3167 3639 4108 4313 4610 4949 5005 5416 5747 6127 6524 6762 6987 7455 7854 8446 8693 8889 9408 9871 
27 113 422 900 1233 1621 2101 2464 2772 3078 3585 3972 4294 4566 5035 5394 5714 6094 6184 6654 6877 7151 7699 7966 8452 8992 9245 9579 
27 114 613 1003 1637 1904 2185 2524 3170 3690 3953 4301 4806 5421 5840 6056 6262 6440 6709 7006 7651 8020 8372 8586 8978 9364 9666 9920 
28 115 450 833 1510 1821 2118 2562 2978 3253 3876 4194 4629 4921 5158 5459 5635 5960 6360 6931 7185 7485 7959 8188 8448 8791 9284 9591 9786 
25 116 388 926 1231 1703 2150 2462 3051 3471 3695 4138 4587 4883 5221 6019 6455 6567 6964 7336 7691 8030 8715 9096 9329 9809 
28 117 787 1049 1479 2073 2504 2763 2955 3473 3637 4012 4369 4898 5184 5580 5826 6132 6572 7073 7257 7705 7951 8166 8514 8874 9168 9360 9737 
31 118 392 791 1291 1627 1885 2145 2287 2782 3080 3369 3842 4265 4540 4925 5095 5321 5565 5998 6370 6711 7108 7426 7575 7969 8182 8391 8605 8976 9391 9760 
30 119 596 1115 1414 1509 1932 2163 2450 2836 3006 3190 3545 3973 4354 4433 4929 5238 5644 6150 6544 6812 7345 7580 7887 8364 8619 8884 9128 9401 9839 
28 120 356 913 1413 1897 2208 2477 2842 3272 3771 3894 4144 4423 4800 5029 5675 6014 6411 6729 6973 7271 7739 8293 8703 9010 9126 9508 9768 
30 121 593 807 1077 1329 1679 2012 2342 2792 3128 3464 4000 4362 4430 4871 5097 5349 5584 5787 6061 6417 6626 7094 7600 7978 8279 8683 8838 9212 9589 
29 122 428 944 1379 1639 2066 2361 2929 3287 3760 4245 4536 5039 5464 5748 6034 6102 6263 6619 7340 7682 8411 8681 8963 9115 9345 9618 9820 9985 
28 123 779 1094 1385 1619 2006 2585 2830 2970 3441 3671 4273 4457 4868 5181 5533 6225 6566 6770 7211 7500 7865 8398 8650 9031 9181 9410 9801 
32 124 488 951 1208 1386 1682 1864 2130 2314 2683 3009 3259 3626 4139 4441 4725 4852 5130 5669 6045 6406 6684 6878 7125 7397 7775 8284 8579 9007 9280 9687 9972 
30 125 478 727 988 1348 1668 2091 2414 2716 3303 3774 4208 4648 4984 5531 6027 6530 6696 7014 7273 7529 7732 8040 8186 8457 8784 9213 9390 9552 9860 
28 126 493 1026 1292 1788 2533 2850 3411 3509 4126 4405 4697 5036 5336 5522 5737 6036 6313 6622 6953 7505 7837 8062 8360 8644 8955 9499 9725 
28 127 443 808 1082 1496 1866 2113 2436 2903 3279 3737 4033 4316 4741 5175 5491 6015 6223 6580 6943 7343 7710 7891 8451 8828 9274 9596 9697 
26 128 442 1042 1452 1669 2179 2368 2771 3298 3879 4385 4656 5002 5929 6275 6650 6982 7202 7571 7657 7897 8481 8738 9092 9318 9646 
27 129 606 921 1466 1721 1925 2181 2658 3112 3388 3533 3802 4251 4424 4796 5220 5485 6024 6359 6615 6935 7440 7824 8130 8641 9116 9572 
29 130 391 701 1205 1540 1858 2013 2490 2627 3129 3410 3966 4166 4506 4671 5127 5542 5858 6060 6397 6728 7001 7597 8050 8340 8761 9078 9387 9683 
28 131 535 899 1119 1338 1663 1993 2364 2709 3060 3788 4094 4633 4886 5341 5552 5746 6079 6410 6710 6923 7565 7784 7881 8143 8846 9349 9642 
28 132 473 1178 1626 1914 2203 2376 2668 3086 3481 3791 4188 4431 4737 5058 5716 6143 6675 6831 7092 7389 7611 8009 8263 8590 9110 9264 9671 
29 133 665 1053 1550 1879 2236 2745 3042 3491 3768 4088 4486 4674 4974 5378 5642 5945 6297 6692 6841 7136 7453 7686 7862 8115 8471 9020 9287 9627 
29 134 469 1155 1439 1871 2177 2430 2897 3347 3766 4263 4426 4879 5128 5362 5680 6009 6170 6548 6685 7066 7262 7664 7983 8179 8679 9064 9358 9703 
28 135 627 890 1156 1646 1751 1899 2492 3012 3433 3752 4047 4380 4718 5048 5347 5601 6040 6422 6623 7121 7449 7827 8322 8734 9019 9311 9864 
32 136 363 602 938 1121 1514 2160 2677 2797 3137 3622 3979 4477 4658 4841 5138 5282 5730 5883 6139 6434 6682 6965 7259 7476 7877 8327 8758 8983 9522 9714 9900 
34 137 397 707 968 1274 1515 2020 2463 2657 3161 3283 3704 3945 4235 4460 4715 4835 5088 5432 5706 5893 6110 6497 6681 6978 7292 7579 7740 8132 8538 8861 9219 9575 9866 
29 138 600 957 1411 1581 1792 2222 2673 2873 3264 3442 3676 4064 4585 5055 5376 5627 6010 6215 6851 7130 7419 7703 8042 8598 8911 9199 9684 9933 
27 139 500 912 1110 1403 1715 1894 2115 2654 3075 3337 3741 4310 4644 5050 5501 5670 6033 6511 6739 7048 7282 7576 8190 8657 8973 9605 
28 140 508 832 1398 1819 2070 2496 2731 3092 3565 3967 4226 4750 5044 5324 5705 6137 6419 6733 7063 7466 7722 7907 8135 8699 9003 9346 9844 
28 141 643 1038 1435 2054 2555 2749 3150 3356 3610 4080 4388 4682 5060 5298 5765 6070 6467 6926 7138 7408 7627 8069 8314 8578 8980 9512 9935 
25 142 420 830 1101 1598 2292 2744 2961 3175 3450 3662 4117 4482 4878 5295 5795 6199 6721 7137 7378 7779 8288 8896 9324 9749 
29 143 608 1222 1463 1729 2202 2629 2910 3206 3591 3991 4413 4669 5140 5424 5703 6074 6512 6773 7153 7542 7889 8228 8654 8867 9197 9417 9576 9810 
27 144 437 721 1254 1630 2025 2623 3244 3649 3927 4195 4564 5178 5600 5941 6305 6785 7337 7547 7601 7953 8100 8631 8921 9268 9716 9981 
29 145 407 812 1040 1300 1546 1794 1964 2270 2567 3000 3394 4078 4478 4706 5239 5363 5844 6188 6700 6946 7126 7326 7598 8007 8571 8998 9416 9740 
29 146 531 785 1123 1665 2067 2649 3097 3516 3936 4160 4415 4793 5142 5382 5784 6299 6741 6905 7219 7616 7811 7973 8394 8885 9106 9419 9636 9915 
31 147 387 607 906 1031 1336 1531 1736 2290 2941 3140 3407 3942 4066 4350 4569 5045 5803 6255 6386 6614 6873 7012 7277 7639 7971 8262 8597 8968 9327 9811 
29 148 696 1039 1276 1544 1826 2234 2529 2892 3216 3593 3914 4075 4601 4872 5204 5406 5677 5965 6238 6549 6830 7169 7379 7855 8156 8720 9282 9746 
28 149 560 828 985 1203 1659 2044 2443 2927 3343 3655 4046 4531 4826 4952 5166 5354 5744 6107 6463 6750 7123 7714 8223 8516 8920 9196 9536 
31 150 591 884 1228 1588 1710 1974 2397 2558 2857 3193 3257 3594 4049 4351 4776 5294 5663 5837 6146 6541 6639 6893 7349 7756 8128 8252 8747 9000 9366 9816 
27 151 855 1249 1979 2253 2639 2917 3293 3629 3864 4393 4816 4950 5249 5697 5882 6379 6916 7392 7662 8155 8378 8609 8841 9169 9713 9930 
26 152 555 1000 1319 1742 2172 2586 2816 3023 3361 3658 4151 4515 4996 5333 5509 5704 6054 6571 7076 7215 7606 8149 8672 9203 9548 
29 153 641 1052 1273 1431 1624 2320 2691 3301 3398 3613 3919 4297 4953 5405 5563 5850 6064 6272 6574 6794 7033 7362 7964 8342 8904 9208 9502 9841 
29 154 410 889 1242 1548 1711 2200 2454 2821 3103 3245 3659 3911 4439 4957 5310 5529 5877 6086 6284 6690 7056 7674 8091 8420 8702 9063 9334 9555 
28 155 640 1004 1122 1378 1753 2117 2225 2484 3263 3993 4495 4862 5151 5699 5989 6307 6636 7008 7291 7602 8171 8376 8599 9009 9291 9479 9929 
30 156 370 567 852 1272 1430 1730 2233 2652 3058 3353 3621 3831 4083 4791 5000 5196 5722 6020 6513 7284 7584 7829 7989 8203 8632 9015 9429 9717 9991 
30 157 793 1415 1959 2176 2432 2687 3035 3349 3514 3816 4102 4352 4518 4794 5021 5595 5894 6306 6826 7298 7507 7751 8167 8461 8751 8960 9082 9535 9978 
29 158 522 1001 1448 1748 2053 2353 2713 3025 3299 3574 4028 4199 4471 4752 5208 5479 6109 6448 6633 6986 7525 7835 8338 8607 8944 9120 9313 9701 
29 159 661 995 1317 1607 1920 2173 2421 2798 3210 3672 4086 4220 4584 4902 5393 5768 5954 6114 6364 6804 7386 7832 8131 8296 8682 9230 9542 9994 
31 160 454 777 1106 1450 2011 2518 2954 3238 3305 3520 3812 4325 4602 5207 5449 5884 6018 6283 6579 6835 7107 7434 7760 8064 8286 8540 8823 9235 9653 9919 
30 161 572 840 1030 1437 1771 1860 2064 2338 2628 2883 3412 4059 4379 4561 4771 5043 5290 5554 6051 6404 6678 7412 7840 8151 8560 8796 9077 9455 9940 
26 162 686 1311 1755 2007 2390 2698 2968 3285 3536 3868 4364 4683 5229 5407 5575 5959 6353 6653 7051 7286 7774 8189 8777 9316 9551 
28 163 408 712 967 1491 1786 2081 2417 2974 3567 3724 4280 4571 4761 5010 5544 5708 6057 6560 7067 7462 7825 8162 8536 8852 9149 9617 9875 
26 164 699 1350 1675 1962 2377 3002 3522 3827 4167 4710 5246 5358 5537 5870 6321 6703 6847 7290 7663 7879 8185 8489 9028 9395 9882 
29 165 518 796 1381 1605 1960 2512 2705 2988 3250 3419 3678 4039 4403 4612 5115 5309 5657 6025 6210 6740 6865 7316 7845 8236 8526 9118 9770 9898 
28 166 413 685 872 1175 1492 1992 2323 2783 3088 3548 4044 4428 4738 5209 5572 6136 6323 6857 7101 7372 7882 8424 8756 8902 9154 9459 9788 
30 167 455 856 1308 1688 1905 2451 2736 3101 3387 3793 4093 4213 4689 5062 5210 5472 5713 6336 6792 6966 7267 7622 7726 7917 8477 9002 9237 9710 9804 
33 168 357 512 1091 1304 1579 1941 2191 2476 2615 2890 3076 3202 3389 3783 3982 4346 4687 5013 5399 5985 6347 6663 7160 7318 7469 7690 7874 8049 8533 8787 9239 9698 
27 169 767 1045 1316 1449 1683 1980 2330 2597 2791 3154 3808 4164 4516 4992 5357 5602 5878 6471 7168 7728 8172 8570 8785 9130 9399 9941 
25 170 404 664 1200 1391 1743 2545 2896 3211 3537 3686 4252 4608 5223 5420 5937 6477 6900 7352 7648 8308 8871 9424 9570 9842 
28 171 564 932 1098 1873 2226 2616 2818 2996 3438 3635 3959 4394 4831 5105 5519 5823 6173 6395 6765 7304 7634 8031 8280 8587 8804 9224 9625 
31 172 398 892 1159 1457 1686 2152 2543 2876 3162 3243 3627 3996 4382 4605 5093 5447 5598 5911 6620 6921 7472 7742 7909 8211 8403 8778 9183 9436 9689 9959 
26 173 737 1152 1633 2138 2416 2819 3070 3542 3871 4255 4454 4891 5316 5623 6039 6598 7135 7480 7626 8324 8479 8755 9294 9609 9874 
26 174 680 940 1399 1529 2024 2247 2710 3069 3401 3571 3775 4306 4699 5162 5434 5860 6384 6519 6866 7393 8022 8329 9051 9531 9819 
30 175 458 786 942 1364 1764 2153 2591 2920 3282 3532 3859 4006 4269 4630 4939 5064 5740 6016 6220 6553 6816 7214 7538 7868 8012 8174 8689 9222 9881 
29 176 538 847 1095 1474 1631 2219 2643 2905 3376 3512 4002 4397 4727 5265 5370 5660 5970 6209 6409 7044 7233 7374 7991 8210 8413 9121 9544 9843 
27 177 552 1046 1684 2026 2406 2869 3189 3354 3694 3960 4479 4926 5251 5477 6117 6334 6724 7078 7464 7623 8072 8513 8824 9053 9405 9834 
29 178 520 770 1015 1271 1611 2134 2535 2780 3095 3573 4060 4214 4769 5188 5398 5745 6068 6276 6444 6730 7079 7418 7685 8021 8529 9011 9305 9561 
33 179 523 801 1027 1395 1620 1984 2074 2441 2566 2779 2914 3045 3589 3976 4204 4463 4853 5031 5520 5764 6175 6489 6890 7141 7470 7892 8209 8449 8790 8949 9404 9837 
29 180 509 752 1032 1454 1903 2072 2307 2598 2887 3199 3513 3884 4189 4586 4792 5144 5411 6046 6749 7000 7381 7642 8044 8466 8858 9221 9444 9817 
27 181 826 929 1375 1723 2112 2600 3046 3447 3743 4157 4626 4965 5192 5710 6002 6285 6609 6801 7192 7645 8070 8294 8677 9076 9333 9754 
31 182 505 973 1323 1498 1744 2008 2423 2730 2993 3149 3502 3713 3949 4179 4702 5046 5497 5987 6474 6882 7050 7543 7948 8345 8589 8814 8971 9270 9517 9682 
29 183 412 710 1057 1352 1970 2156 2404 2608 2852 3221 3446 3725 3909 4573 4999 5252 5521 5790 6072 6493 6932 7477 7780 8332 8752 9363 9783 9949 
27 184 805 1267 1542 1690 2038 2410 2848 3227 3390 3700 4019 4445 4845 5150 5467 5777 6190 7071 7332 7653 7967 8207 8704 9265 9546 9927 
28 185 463 740 974 1524 1767 2264 2507 2822 3256 3801 4222 4867 5289 5712 5927 6371 6752 7124 7285 7734 8299 8550 8849 9186 9491 9712 9986 
32 186 351 941 1480 1769 1923 2256 2425 2756 3063 3192 3479 3809 4025 4329 4470 5024 5303 5550 5876 6197 6578 7221 7541 7859 8045 8473 8869 9060 9458 9784 9947 
31 187 436 764 863 1251 1504 1915 2131 2375 2740 2862 3186 3648 3810 4298 4833 5337 5586 6099 6229 6546 6743 6884 7342 7860 8137 8390 8707 9258 9510 9852 
29 188 955 1294 1650 1852 2168 2475 2556 3130 3563 3840 4236 4508 4907 5548 5843 6333 6693 6845 7249 7441 7706 7974 8245 8517 8776 9261 9473 9807 
26 189 449 653 1335 1632 1965 2079 2362 3016 3134 3588 3785 4248 4739 4983 5241 5649 6256 6761 7364 7883 8611 8999 9308 9611 9862 
29 190 549 905 1313 1664 1839 1963 2489 2641 2966 3278 3645 4056 4409 4588 4751 5147 5453 5953 6311 6599 6941 7319 7778 8347 8606 8733 9109 9637 
31 191 502 877 1019 1800 2068 2452 2661 3113 3274 3605 3727 4338 4688 4995 5326 5662 5996 6461 6763 7036 7158 7467 7724 8111 8259 8692 8925 9140 9449 9798 
27 192 673 1067 1655 2047 2538 2884 3040 3302 3773 4106 4398 4786 5261 5513 6191 6590 6906 7191 7552 7833 8073 8478 8812 9111 9452 9869 
31 193 360 676 1179 1349 1591 1892 2207 2580 2840 3077 3381 3611 3898 4218 4645 4843 5236 5514 5903 6253 6378 6806 7309 7545 8071 8341 8965 9321 9476 9753 
28 194 557 718 1212 1516 1737 1996 2501 2724 2909 3110 3409 3663 4407 4742 4994 5228 5561 6008 6673 7184 7539 7884 8315 8695 8932 9465 9688 
29 195 734 1013 1162 1617 1808 2096 2770 3082 3551 3923 4461 4857 5066 5339 5666 6179 6449 6563 7018 7348 7612 7870 8290 8603 8893 9044 9527 9857 
26 196 553 953 1305 1691 2193 2523 3120 3748 4009 4209 4575 4888 5096 5483 5736 6230 6817 7189 7447 7563 8321 8665 8952 9340 9639 
31 197 358 573 979 1419 1829 2284 2469 2853 3109 3368 3807 4015 4135 4370 4777 5213 5538 5785 5979 6182 6531 6786 7038 7098 7195 7522 7910 8330 9050 9389 
27 198 723 1070 1215 2049 2444 3085 3619 3833 4104 4661 4865 5212 5379 6124 6452 6881 7111 7390 7847 8214 8312 8628 8832 9211 9549 9873 
27 199 372 651 1002 1314 1556 1913 2147 2611 2846 3444 3826 4211 4519 5041 5496 6080 6669 7171 7511 7812 8023 8356 8577 8954 9365 9835 
28 200 601 843 1154 1787 2175 2300 2794 2984 3334 3837 4400 4672 4988 5179 5700 5829 5995 6535 6875 7235 7451 7747 8109 8438 8653 9312 9635 
31 201 396 612 732 1088 1312 1699 2018 2384 2881 3136 3453 4079 4499 4720 4941 5202 5549 5935 6147 6356 6561 6942 7100 7836 8258 8518 8935 9151 9539 9802 
30 202 671 1066 1583 1895 2242 2519 2959 3331 3687 4096 4491 4724 5107 5401 5593 5993 6243 6326 6485 6656 6858 7256 7624 7848 8224 8562 8860 9185 9662 
28 203 470 774 1120 1422 1766 2048 2289 2751 3327 3592 4065 4609 4928 5092 5355 5499 5798 6261 6712 7165 7501 7725 7932 8163 8532 8958 9393 
28 204 477 1209 1653 1943 2252 2720 3043 3375 3778 4031 4469 4662 5027 5762 6278 6732 6781 7097 7589 7934 8358 8646 8915 9069 9392 9566 9934 
26 205 821 1406 1674 2080 2337 2826 3528 3820 4129 4363 4650 4837 5155 5476 6076 6547 6863 7253 7489 7718 8027 8742 9098 9371 9973 
29 206 490 586 792 986 1465 1848 2336 2609 2998 3338 3572 4101 4594 5176 5607 5857 6227 6464 6927 7226 7446 7678 8029 8447 8711 9117 9397 9954 
28 207 528 1035 1296 1778 2084 2386 2508 2921 3205 3552 3858 4267 4472 4819 5536 6393 6842 6993 7287 7632 7801 8057 8440 8844 9091 9540 9924 
30 208 419 854 1303 1702 2447 2788 2952 3371 3779 3931 4130 4501 4795 5118 5302 5647 5773 5917 6195 6616 7024 7116 7603 7788 8388 8639 8939 9381 9925 
31 209 399 629 972 1147 1363 1732 1940 2281 2662 3098 3459 3650 4007 4293 4749 5200 5486 5835 6166 6514 6718 7039 7324 7838 8169 8437 8722 9166 9532 9942 
28 210 384 678 1010 1443 1601 1854 2301 2717 3064 3267 3873 4283 4637 4914 5458 5971 6375 6556 7091 7502 7928 8085 8387 8851 9039 9238 9715 
31 211 695 927 1245 1456 1741 1998 2393 2592 2877 3168 3413 3708 4198 4466 4690 4915 5254 5672 5946 6247 6432 6897 7210 7558 7963 8475 8794 9243 9543 9974 
26 212 434 874 1252 1718 2269 2790 3044 3321 3463 3758 4288 4611 5198 5769 5981 6254 6641 6995 7279 7849 8271 8511 8942 9394 9913 
26 213 934 1239 1537 1827 2009 2343 2721 2969 3393 3603 3834 4013 4435 4713 5185 5619 6160 6412 6754 7615 7999 8488 8986 9241 9661 
30 214 485 715 1253 1487 1770 2142 2374 2542 2992 3669 3917 4257 4376 4716 5214 5681 5912 6232 6506 7150 7516 7786 7905 8235 8422 8805 9207 9406 9718 
29 215 438 669 1190 1616 2051 2262 2439 2837 3123 3531 3875 4169 4343 4859 5436 6171 6451 6605 6879 7157 7638 7790 8270 8506 8899 9145 9438 9756 
33 216 484 759 1177 1324 1571 1951 2321 2642 3029 3735 3950 4141 4353 4560 4906 5146 5409 5653 5865 6239 6439 6767 7139 7471 7957 8145 8415 8701 9014 9277 9530 9962 
25 217 639 1072 1527 1754 2174 2950 3196 3582 3819 4262 4703 5101 5487 5896 6543 6807 7140 7630 7878 8219 8614 8878 9428 9907 
29 218 496 772 1085 1568 1958 2140 2682 2967 3424 3746 4137 4497 4958 5344 5654 6011 6350 6727 7060 7435 7573 7755 7902 8333 8558 9045 9505 9849 
27 219 636 1183 1564 1856 2088 2351 2922 3328 3616 3899 4223 4616 5123 5478 6185 6402 6686 7041 7428 7785 8108 8408 8906 9383 9676 9899 
31 220 946 1234 1459 1768 2273 2759 2997 3208 3683 3770 4085 4366 4764 5342 5628 5966 6426 6608 6876 7231 7353 7614 7764 7982 8146 8537 8868 9247 9500 9793 
25 221 510 765 943 1420 1815 2141 2650 3018 3364 3969 4161 4607 4945 5471 5749 6155 6539 6929 7217 7581 8087 8485 9119 9434 
31 222 403 616 1140 1293 1812 2277 2620 2676 2985 3477 3701 4232 4309 4933 5211 5502 5761 5988 6329 6575 6974 7366 7765 8066 8246 8714 9114 9385 9493 9982 
26 223 655 839 1219 1384 1712 2065 2382 3073 3309 3560 3958 4378 4544 5016 5603 6331 6625 7112 7564 7817 8268 8483 8840 9426 9673 
31 224 445 868 1043 1138 1526 1719 2055 2511 2719 3081 3529 3753 4216 4522 4755 4985 5177 5364 5691 6053 6517 6895 7208 7610 7899 8369 8640 9021 9415 9620 
28 225 532 978 1339 1603 1777 2019 2500 2820 3142 3534 4055 4337 4660 5032 5481 5616 6103 6324 6808 7205 7503 7795 8164 8444 8857 9232 9523 
24 226 618 1244 1832 2296 2787 3277 3749 4440 5003 5320 5547 5832 6394 6952 7357 7721 8187 8298 8509 8886 9160 9607 9761 
30 227 369 644 1023 1455 1676 2057 2474 2975 3653 4040 4215 4733 5169 5323 5423 5632 6022 6469 6668 6919 7114 7388 7822 8086 8346 8985 9134 9477 9741 
29 228 418 825 1075 1606 2102 2491 2747 3163 3425 3795 4034 4320 4760 4959 5124 5329 5766 6044 6488 6962 7310 7851 8256 8662 8922 9191 9460 9670 
27 229 717 865 999 1282 1643 2023 2232 2694 2835 3296 3866 4140 4507 4998 5515 5969 6351 6629 6856 7188 7621 8194 8418 9066 9541 9790 
31 230 578 952 1236 1706 2137 2560 2935 3191 3423 3846 4072 4319 4567 4799 5017 5392 5792 5922 6041 6462 6815 7333 7712 7949 8460 8865 8993 9180 9402 9658 
29 231 749 1104 1417 1780 1989 2216 2748 2973 3348 3804 3946 4417 4676 4935 5266 5651 6431 6747 7062 7289 7523 7972 8357 8608 8964 9218 9815 9967 
29 232 524 891 1392 1734 2249 2479 2931 3460 3598 4045 4342 4807 4934 5325 5690 5892 6148 6486 6604 6908 7222 7557 8101 8656 8789 9127 9262 9758 
27 233 519 844 1169 1469 1909 2467 2915 3440 3740 4178 4387 4842 5152 5368 5474 5673 5812 6249 6638 7115 7568 8110 8552 9080 9307 9766 
30 234 451 638 1096 1501 1640 2052 2356 2607 2939 3106 3454 3692 4103 4391 4821 5112 5263 5387 5701 6126 6760 7122 7354 7904 8325 8633 9022 9355 9818 
31 235 614 1055 1425 1872 2155 2352 2827 3039 3226 3489 3736 4107 4327 4828 5271 5717 6007 6392 6631 7004 7445 7617 8019 8177 8320 8539 8712 9016 9488 9894 
27 236 406 758 1194 1747 2116 2715 2874 3497 3644 3874 4270 4647 5080 5372 5685 6228 6643 6898 7420 7660 7912 8282 8395 8984 9490 9806 
28 237 657 1133 1481 1687 1911 2324 2588 3145 3397 3912 4237 4489 4735 5369 5609 5849 6212 6344 6595 7005 7478 7869 8251 8779 8981 9341 9828 
28 238 543 769 869 1281 1506 1853 2457 2810 3624 4359 4695 5047 5556 5781 6113 6162 6391 6708 7142 7330 7841 7985 8218 8989 9139 9297 9743 
30 239 583 879 1394 2003 2499 2757 3207 3280 3443 3726 3920 4153 4500 4858 5160 5492 5805 6120 6314 6661 6968 7370 7773 8067 8667 9093 9380 9763 9872 
31 240 421 720 876 1163 1423 1536 1833 2170 2695 2995 3209 3323 3577 3916 4233 4604 5195 5739 6161 6450 6731 6910 7254 7595 7908 8402 8909 9314 9628 9968 
29 241 581 895 1243 1553 1816 2098 2571 2847 3177 3501 3733 3814 4026 4562 4762 5296 5869 6315 6613 6933 7261 7587 7697 7941 8276 8763 9386 9693 
29 242 656 850 994 1263 1552 2248 2391 2983 3172 3326 3606 4004 4318 4768 5182 5665 5910 6213 6742 7164 7672 8056 8283 8669 8879 9322 9571 9779 
27 243 959 1241 1673 1907 2094 2422 2813 3156 3469 3845 4165 4493 4989 5277 5541 5899 6234 6701 7103 7461 7834 8303 8643 9100 9560 9895 
27 244 577 930 1377 1728 2199 2664 2991 3608 4042 4458 4665 4838 5117 5414 5735 6077 6377 6951 7347 7753 8017 8348 8601 8962 9384 9782 
30 245 824 1105 1223 1757 1971 2339 2613 3005 3379 3523 3829 4281 4627 4982 5417 5872 6267 6744 6963 7248 7551 7863 8291 8554 8690 9012 9350 9554 9748 
30 246 431 582 870 1071 1576 1983 2033 2596 2982 3510 3928 4377 4670 5222 5306 5659 5934 6258 6562 6627 6889 7236 7429 7650 8048 8548 9001 9303 9745 
30 247 813 1218 1587 1889 2030 2268 2498 3094 3470 3895 4142 4581 4895 5219 5560 5853 6097 6428 7029 7089 7382 7640 7916 8133 8404 8737 9220 9421 9669 
28 248 467 738 1093 1192 1418 1701 2039 2465 2646 3148 3333 3682 4068 4456 5061 5559 5963 6310 6996 7321 7846 8092 8365 8760 8888 9400 9729 
31 249 544 910 1340 1801 2103 2358 2811 3176 3439 3623 3781 4038 4279 4570 5020 5149 5360 5972 6149 6475 6888 7131 7583 8065 8421 8697 8862 9072 9533 9876 
31 250 479 742 991 1609 2122 2415 2651 2733 3104 3286 3652 4030 4285 4646 4912 5075 5415 5862 6316 6602 6852 7303 7704 8154 8362 8499 8671 8912 9171 9526 
26 251 507 857 1204 1554 1838 2255 2527 2930 3525 4058 4638 5004 5448 5742 6201 6405 6976 7537 7858 8013 8435 8808 8933 9440 9905 
30 252 474 662 1128 1708 1846 2154 2426 2823 3169 3757 3929 4027 4462 4781 5103 5454 5620 5973 6312 6588 6798 7113 7395 7656 8180 8766 9142 9509 9856 
26 253 503 853 1380 1981 2319 2602 2893 3482 4005 4368 4539 4756 5297 5783 6235 6665 7045 7609 8090 8441 8685 9136 9538 9691 9902 
28 254 382 766 1342 1862 1988 2299 2577 2980 3519 3850 4172 4527 5001 5308 5667 5868 6330 6551 7077 7341 7698 7915 8392 8709 9216 9332 9643 
27 255 625 803 1164 1549 2046 2419 2776 3314 3581 3885 4196 4512 4840 5284 5645 5999 6163 6538 6872 7527 7769 8055 8222 8936 9418 9634 
27 256 630 1086 1561 1817 2161 2481 3053 3405 3855 4185 4707 5145 5457 5830 6134 6483 6824 7081 7448 7608 7843 8124 8636 9008 9388 9822 
26 257 716 1076 1325 1547 1850 2448 2854 3050 3384 3830 4307 4774 5054 5516 6121 6555 7046 7492 8002 8337 8630 8782 9172 9615 9951 
29 258 790 1211 1468 1667 1921 2214 2540 2953 3693 4054 4303 4596 4812 5283 5723 5920 6458 6715 6894 7320 7549 7692 8052 8495 8675 8959 9481 9711 
26 259 598 1022 1412 1694 2085 2486 2895 3496 3776 4020 4553 4882 5351 5682 5827 6348 6526 6991 7380 7931 8666 9059 9133 9648 9926 
28 260 570 1181 1857 2148 2601 2799 3124 3448 3841 3968 4326 4700 4854 5287 5571 5906 6269 6576 6759 6990 7339 7804 8292 8534 9027 9330 9514 
29 261 809 1168 1309 1559 1773 1969 2431 2904 3372 3675 4062 4328 4663 5129 5530 5818 6104 6528 6940 7243 7671 7799 8134 8371 8670 8930 9108 9772 
28 262 622 1073 1949 2359 2665 2901 3270 3468 3848 3990 4249 4623 4856 4943 5373 5638 5879 6204 6577 7015 7314 7791 8046 8287 8642 9085 9624 
31 263 405 794 1125 1486 1672 1968 2196 2433 2618 3034 3777 4231 4490 5135 5553 5719 5831 6017 6260 6468 6788 7025 7401 7808 8043 8351 8567 8940 9420 9588 
30 264 743 1230 1432 1681 1975 2275 2800 3008 3461 3818 4168 4528 4823 5094 5327 5626 6026 6502 6820 7023 7387 7654 7987 8272 8386 8943 9144 9601 9918 
36 265 679 775 1069 1347 1698 2107 2327 2635 2793 3096 3432 3506 3632 3913 4136 4304 4622 4923 5074 5365 5780 5918 6287 6603 7193 7497 7720 7996 8275 8710 8873 9253 9373 9470 9730 
29 266 571 820 1130 1397 1999 2220 2357 2478 2803 3084 3373 3867 4207 4664 5244 5788 6193 6459 6771 7069 7826 8175 8491 8732 8897 9137 9259 9744 
28 267 537 703 990 1265 1666 2092 2333 2737 3258 3732 3951 4552 4916 5109 5315 5864 6116 6532 6869 7252 7548 7815 8269 8816 9359 9677 9870 
33 268 452 632 939 1116 1567 1884 2221 2458 2753 2844 3217 3679 3940 4203 4438 4813 5079 5543 5889 6270 6688 7104 7519 7670 8147 8393 8718 8839 9037 9344 9472 9960 
25 269 756 1328 1784 2201 2656 3194 3643 3947 4229 4653 5108 5508 5976 6138 6436 6972 7118 7490 7988 8295 8764 9075 9396 9565 
29 270 471 776 1214 1726 2034 2370 2804 3027 3335 3709 3989 4448 4732 5248 5524 5846 6180 6438 6913 7335 7499 7885 8289 8721 9143 9348 9497 9792 
26 271 433 594 1016 1299 1535 2000 2389 2812 3108 3367 3839 4402 4788 5348 5506 5994 6156 6676 7042 7368 8103 8557 8991 9251 9675 
28 272 822 1174 1563 1985 2187 2445 2824 3292 3544 4123 4679 5023 5286 5468 5975 6300 6494 6860 7093 7338 7625 8047 8443 8744 9296 9515 9773 
27 273 447 887 1315 1652 1986 2398 2708 3061 3524 3838 4275 4557 4892 5343 5558 5813 6294 6799 7088 7275 7566 7938 8754 9035 9504 9812 
30 274 416 748 1109 1371 1590 1887 2624 2878 3236 3835 4197 4386 4759 5264 5564 5808 6200 6429 6637 7075 7409 7526 7976 8468 8872 9192 9599 9787 9948 
28 275 432 617 1270 1521 1845 2581 3020 3385 3596 3747 4163 4514 4753 5072 5611 5936 6473 6802 7294 7535 7861 8334 8604 8898 9068 9337 9735 
29 276 556 904 1117 1475 1836 2212 2714 3062 3595 3881 3999 4192 4480 4869 5063 5418 6207 6825 7102 7346 7620 7979 8213 8555 8905 9202 9507 9663 
31 277 425 702 907 1202 1494 1789 1926 2267 2427 2685 2989 3268 3756 4067 4542 4944 5391 5842 6268 6632 6829 7054 7431 7737 8192 8434 8664 9087 9379 9789 
33 278 415 713 883 1362 1582 1947 2227 2593 3021 3431 3677 3939 4284 4797 5037 5429 5859 6202 6491 6783 7180 7369 7748 7992 8099 8326 8566 8953 9174 9336 9563 9877 
27 279 554 747 989 1599 1824 2021 2534 2866 3181 3609 4253 4673 4961 5455 5612 5782 6192 6606 7016 7375 7592 7895 8281 8728 9260 9568 
30 280 517 948 1482 1714 2283 2541 2703 2861 2965 3457 3883 4238 4452 4839 5110 5630 5793 6186 6612 7043 7266 7604 7950 8229 8465 8774 9141 9630 9979 
34 281 542 898 1182 1461 1638 1793 2077 2569 2948 3396 3550 3822 4171 4483 4624 4824 5012 5390 5991 6286 6456 6558 6746 6961 7361 7776 7993 8191 8568 8661 8970 9306 9503 
28 282 819 1048 1493 2062 2459 2739 3090 3575 4011 4416 4555 4993 5120 5498 5763 6128 6508 6705 7034 7302 7667 8059 8668 8769 9070 9700 9966 
29 283 354 590 849 1148 1368 1566 1955 2383 2766 3466 3696 4228 4302 4652 4909 5174 5439 5902 6424 6768 7244 7530 8037 8527 8795 9033 9242 9519 
31 284 534 693 958 1246 1528 1685 1837 2105 2494 2913 3144 3358 3941 4282 4619 4885 5203 5629 6368 6542 7163 7457 7793 7995 8428 8647 9105 9474 9799 9970 
27 285 739 1327 1820 2329 2767 2958 3220 3428 3614 3887 4175 4603 4908 5504 5819 6167 6559 6944 7240 7676 8126 8623 8829 9206 9498 9903 
33 286 480 908 1144 1285 1678 1957 2110 2487 2940 3065 3584 3817 4036 4396 4717 4954 5256 5585 6021 6390 6706 7096 7197 7430 7794 8125 8355 8618 8951 9175 9369 9640 
30 287 604 1298 1720 1919 2215 2278 2864 3091 3341 3764 4128 4576 4685 4901 5025 5281 5674 6304 6902 7174 7421 7761 8010 8349 8582 8831 9156 9534 9885 
28 288 588 1165 1453 1967 2453 3165 3362 3642 3849 4091 4314 4558 4947 5312 5482 5905 6435 6849 7061 7488 7818 8254 8581 8802 9089 9409 9831 
27 289 377 624 1135 1538 1954 2205 2587 2879 3200 3759 3971 4427 4782 5440 5757 6032 6583 6904 7268 7809 8301 8724 9006 9407 9651 9996 
32 290 462 760 997 1405 1831 2295 2466 2786 3329 3549 3714 4109 4420 4691 4834 5165 5352 5637 6038 6328 6671 7002 7297 7585 7946 8241 8432 8819 9062 9583 9928 
29 291 491 980 1090 1227 1572 1811 2428 3010 3346 3815 4124 4425 4709 4927 5428 5725 5942 6340 6683 6939 7087 7404 7693 7986 8430 8798 9441 9638 
27 292 446 1124 1497 1680 2010 2345 2589 3066 3449 3647 4111 4347 4538 4972 5452 5800 6131 6600 7176 7474 7683 7970 8307 8895 9248 9803 
28 293 461 975 1354 1749 2539 2684 3003 3247 3527 3915 4193 4565 4825 5084 5789 6174 6764 7109 7473 7668 7933 8230 8543 9029 9475 9734 9977 
28 294 584 1099 1357 1851 2246 2582 2781 3275 3712 4224 4778 4979 5270 5456 5664 5821 5907 6224 6596 6958 7577 7800 8088 8273 8855 9325 9796 
28 295 780 1326 1660 2119 2399 2547 2902 3495 3729 4017 4349 4684 5070 5490 5822 6047 6242 6396 6707 6967 7436 7961 8302 8956 9226 9468 9808 
25 296 466 1112 1471 1842 2192 2400 2530 2928 3400 3825 4159 4510 4976 5437 5815 6271 6886 7269 7528 7943 8377 8684 9167 9594 
27 297 379 530 784 867 1102 1745 2106 2696 3235 3630 3901 4330 4625 5082 5605 6073 6365 6697 7206 7658 7994 8459 9017 9293 9516 9944 
28 298 689 1289 1649 1781 1896 2166 2328 2595 2946 3336 3579 4021 4532 4802 5216 5838 6240 6534 7082 7182 7591 8200 8502 8748 9132 9413 9562 
29 299 376 561 783 1118 1283 1656 2001 2133 2536 2769 3111 3494 3821 4271 4505 5125 5396 5640 6087 6413 6719 7317 7512 7821 8433 8843 9236 9845 
29 300 456 834 1193 1460 1774 1990 2306 2570 2851 3102 3691 3924 4260 4589 4931 5443 5754 6288 6591 6959 7145 7513 7990 8335 8821 9246 9602 9854 
31 301 367 566 1097 1490 2032 2332 2659 2872 3276 3684 4244 4375 4784 5090 5510 5776 6122 6198 6503 6776 6950 7119 7363 7864 8028 8305 8622 9129 9422 9800 
28 302 539 836 1191 1495 1844 2082 2403 2612 2785 3146 3518 3932 4261 4729 4978 5361 5980 6415 6827 7283 7594 7873 8183 8487 8770 9629 9980 
30 303 559 931 1268 1541 1880 2224 2371 2947 3526 3823 3896 4227 4520 5260 5534 5801 5919 6219 6453 7031 7238 7377 7613 8094 8250 8629 9038 9528 9719 
26 304 498 981 1235 1358 1507 1916 2114 2537 3057 3564 3877 4389 4675 5259 5648 6295 6853 7251 7752 8184 8486 8903 9257 9495 9704 
27 305 762 983 1346 1636 2083 2276 2778 3365 3734 3964 4176 4475 4736 4986 5276 5861 6445 6828 7086 7607 8277 8613 8988 9173 9456 9706 
29 306 621 960 1160 1570 2186 2293 2678 2911 3242 3935 4315 4498 4818 5119 5384 5545 5898 6152 6597 6854 7099 7442 7669 8233 8482 8941 9587 9943 
29 307 795 1037 1318 1610 1935 2239 2796 3475 3730 3904 3992 4221 4580 4804 4937 5183 5346 5796 5997 6498 6646 7331 7894 8397 8596 8974 9362 9728 
26 308 595 1107 1502 1813 2265 2817 3225 3665 3863 4205 4509 4798 5262 5866 6403 6635 7207 7643 8000 8379 8625 8901 9368 9567 9906 
29 309 499 871 1020 1370 1693 1890 2037 2334 2632 3139 3392 3558 3782 4308 4874 5272 5767 5891 6183 6584 6862 7129 7700 7924 8750 9004 9485 9692 
28 310 526 937 1151 1442 2050 2544 2865 3213 3566 3792 4148 4451 4696 4991 5163 5408 5770 6159 6814 7246 7588 8026 8375 8591 8934 9445 9742 
28 311 513 894 1310 1644 1893 2190 2726 2960 3434 3631 3893 3980 4545 4922 5285 5834 6222 6657 7220 7569 7945 8383 8783 8979 9343 9612 9912 
30 312 692 1284 1608 1995 2274 2561 2963 3313 3599 3984 4296 4657 4956 5442 5881 6279 6793 7156 7296 7572 7871 8060 8212 8521 8827 9061 9223 9489 9931 
27 313 576 835 1158 1393 1746 1876 2063 2282 2437 2729 3417 4274 4618 5022 5463 6118 6264 6607 6997 7250 7713 8120 8544 8853 9200 9827 
26 314 385 697 1290 1805 2099 2633 2843 3115 3568 4113 4521 4654 4899 5350 5794 6172 6472 6823 7367 7679 8096 8575 9086 9558 9838 
29 315 814 1351 1565 1843 2303 2679 3032 3421 3811 4119 4361 4530 4900 5076 5245 5774 6153 6505 6722 6985 7360 7628 7819 8153 8493 8870 9081 9623 
29 316 353 497 878 1224 1433 1869 2143 2468 2802 3261 3638 3828 4201 4667 5038 5367 5621 5921 6387 6956 7237 7768 7857 8034 8414 8817 9339 9650 
32 317 603 993 1332 1562 2093 2326 2438 2548 2621 2918 3007 3458 3886 4050 4335 4641 4963 5322 5574 6037 6385 6778 7190 7708 8309 8454 8854 9113 9255 9665 9823 
28 318 492 915 1007 1440 1661 2392 2725 3166 3378 3970 4513 4836 5077 5422 5958 6158 6362 6662 7228 7325 7709 8168 8456 8924 9170 9556 9781 
30 319 597 1021 1277 1727 2100 2424 2594 2839 3231 3689 3986 4234 4464 4631 4948 5377 5566 5824 6221 6689 6954 7403 8113 8612 8850 9065 9215 9492 9762 
32 320 402 487 815 1114 1551 1775 2027 2279 2647 2870 3266 3360 3538 3860 4241 4805 5197 5269 5488 6029 6218 6670 7307 7433 7828 8093 8442 8686 8900 9557 9867 
29 321 637 987 1445 2014 2446 2732 2912 3240 3583 3745 3918 4277 4547 4701 5164 5633 5885 6031 6358 6586 6989 7410 7937 8248 8694 8919 9414 9791 
29 322 465 881 1237 1733 2194 2690 3153 3847 4120 4336 4681 4863 5122 5589 5750 6189 6507 6920 7173 7744 8231 8572 8825 9240 9447 9632 9863 9916 
27 323 459 851 1376 1809 2261 2758 3322 3803 3985 4125 4593 4861 5113 5201 5847 6140 6487 6917 7265 7475 7695 8005 8336 8859 9592 9908 
31 324 611 966 1186 1485 1841 2385 2666 2932 3252 3628 4008 4339 4640 4876 5199 5655 5925 6367 6642 6988 7212 7452 7831 8119 8344 8621 8835 9187 9757 9888 
29 325 482 745 1017 1256 1704 2040 2485 2505 2795 3079 3351 3707 4202 4534 4803 5218 5615 6003 6196 6565 6822 7009 7872 8504 8842 9084 9376 9752 
27 326 494 757 1143 1574 1783 2167 2379 2981 3374 3561 3957 4254 4583 5132 5480 5689 6211 6833 7305 7649 7919 8198 8426 8845 9487 9891 
30 327 362 691 984 1108 1307 1657 1818 2217 2670 2886 3311 3673 3987 4286 4404 4775 5340 5573 6075 6425 6691 7328 7787 8006 8176 8474 9013 9323 9851 
26 328 546 897 1029 1250 1865 2493 2741 3089 3503 3878 4155 4574 4966 5231 5587 6108 6698 6934 7301 7729 7918 8366 8749 9356 9654 
28 329 350 694 1034 1558 1930 2473 2604 2885 3340 3699 3988 4556 5011 5168 5430 5569 6042 6325 6745 6975 7633 7955 8253 8624 9193 9655 9865 
26 330 730 1217 1830 2245 2859 3105 3465 3604 3903 4239 4421 4728 5033 5243 5495 5923 6245 6948 7437 7914 8217 8490 8809 9423 9859 
28 331 430 733 1129 1705 2129 2522 2743 3117 3498 3853 4446 4960 5206 5579 5982 6490 6868 7218 7593 7823 8161 8274 8530 8765 9273 9464 9893 
30 332 599 925 1199 1366 1859 2318 2606 2765 3185 3241 3488 3799 4092 4332 4678 5143 5356 5940 6123 6540 6899 7518 7797 8139 8553 8775 9162 9480 9705 
28 333 457 976 1333 1796 1973 2125 2297 2599 3022 3317 3667 4114 4476 4930 5217 5466 5678 6319 6594 6971 7560 8266 8678 8883 9263 9547 9958 
28 334 361 763 1189 1427 1874 2316 2849 3135 3370 3607 3921 4240 4704 4969 5317 5694 5913 6363 6660 6811 7065 7673 8078 8464 8987 9300 9708 
28 335 475 788 1092 1478 1807 2294 2549 2986 3152 3517 3789 4158 4383 4844 5397 5643 6013 6095 6484 6757 7260 7805 8173 8627 8882 9229 9840 
29 336 659 1059 1297 1534 1888 2183 2515 2734 3182 3237 3697 4099 4502 4897 5250 5851 6089 6206 6624 6901 7128 7450 7901 8152 8563 9079 9320 9484 
25 337 565 1247 1700 2149 2590 3155 3656 4069 4392 4614 5106 5278 5610 6052 6420 6677 6960 7204 7458 7754 8310 8792 9317 9633 
29 338 647 962 1180 1604 2243 2675 3011 3230 3546 3889 4089 4365 4850 4904 5237 5493 5848 6050 6366 6803 6947 7334 7735 8140 8549 8917 9244 9506 
29 339 373 750 1137 1595 2258 2672 2867 3312 3480 3794 4127 4355 4832 5067 5606 5992 6233 6554 6723 6937 7425 7880 8311 8512 8806 9024 9494 9910 
29 340 585 982 1428 1929 2089 2435 2669 3014 3399 3933 4384 4636 4964 5233 5684 6028 6168 6634 6883 6992 7117 7707 8144 8234 8713 9058 9367 9593 
31 341 383 609 911 1330 1912 2209 2434 2899 3201 3562 3787 4070 4356 4932 5319 5656 5811 6055 6376 6655 6887 7058 7329 7758 8014 8610 8907 9152 9513 9850 
28 342 635 859 1221 1629 2076 2223 2517 2727 3048 3320 4001 4321 4511 4810 5121 5532 5964 6738 6970 7264 7484 7984 8316 8580 8969 9205 9727 
30 343 511 1065 1359 2041 2322 2551 2809 3160 3557 3880 4156 4408 4808 4971 5071 5517 5711 5961 6680 6930 7059 7444 7898 8104 8399 8573 9147 9354 9652 
29 344 417 619 1012 1365 1600 1982 2354 2693 2908 3173 3910 4258 4814 5186 5752 5990 6144 6520 6694 7030 7263 7647 8247 8455 8820 9088 9454 9884 
26 345 670 936 1369 1677 2151 2502 2934 3418 3723 4414 5139 5505 5897 6401 6499 6891 7247 7514 7947 8114 8467 8881 9150 9466 9971 
31 346 486 623 1056 1269 1596 1937 2231 2309 2775 3289 3435 3636 4029 4418 4615 4758 5057 5465 5751 5957 6290 6928 7459 7766 8068 8470 8746 9204 9649 9825 
29 347 605 714 1131 1387 1867 2078 2325 2704 3083 3318 3739 3997 4145 4595 5028 5331 5692 6035 6509 7227 7696 8039 8417 8759 9032 9326 9679 9995 
29 348 424 741 862 1361 1613 2146 2408 2578 2832 2976 3223 3404 4024 4200 4524 4744 5014 5461 5807 6244 6628 6810 7241 7820 8319 8741 9025 9578 
32 349 681 804 992 1441 1931 2240 2564 3068 3355 3721 4077 4371 4746 5171 5696 6100 6292 6480 6704 6903 7384 7675 7954 8160 8368 8645 8894 9256 9616 9690 9883 
