4 0 86 248 52 
4 296 157 255 153 
3 180 139 169 
3 216 16 9 
2 167 185 
2 54 266 
2 85 131 
4 168 244 31 175 
2 116 292 
2 212 143 
3 108 29 59 
3 249 5 135 
3 87 114 49 
4 34 222 3 242 
3 275 42 240 
3 41 76 293 
3 164 111 46 
3 184 268 104 
3 75 117 78 
3 99 53 283 
2 103 197 
3 80 287 94 
3 110 26 264 
3 88 205 2 
4 72 172 119 278 
2 259 289 
3 294 258 272 
3 148 209 270 
4 8 195 223 257 
3 4 14 196 
4 7 36 90 37 
2 162 112 
3 159 70 231 
3 134 271 247 
3 203 101 183 
4 161 28 81 30 
3 127 207 173 
3 13 82 100 
3 133 122 297 
3 246 11 149 
3 62 243 69 
2 260 140 
3 286 174 138 
3 299 32 98 
3 210 221 10 
2 276 124 
4 24 65 237 178 
3 95 158 67 
3 136 284 155 
2 92 170 
3 220 73 288 
4 58 230 191 43 
3 290 68 208 
3 137 25 151 
4 15 22 55 189 
3 227 217 106 
2 285 228 
3 273 202 12 
3 218 50 51 
3 193 33 17 
2 150 181 
4 107 254 45 123 
3 74 147 97 
4 105 204 199 252 
3 144 48 233 
1 213 
3 225 6 251 
3 18 190 176 
3 156 93 211 
3 171 121 145 
3 63 238 165 
3 56 128 219 
3 125 23 77 
3 187 163 229 
4 60 146 115 279 
3 19 109 154 
4 38 89 66 132 
3 261 298 47 
3 200 160 1 
3 263 102 215 
3 198 64 186 
2 57 83 
3 44 214 182 
2 245 142 
4 267 253 118 120 
4 79 269 280 194 
4 129 241 35 130 
3 226 250 274 
3 21 27 71 
4 224 40 291 192 
4 113 234 177 256 
2 96 152 
3 91 239 262 
3 39 236 20 
3 232 235 126 
2 188 201 
3 281 179 265 
3 277 295 141 
2 282 206 
3 166 61 84 
